   25.000000000000000     
  1  0.10000E-05  231.62 0.450E-37 0.833E+00 0.450E-37 0.450E-37 0.450E-37 0.450E-37 0.450E-37 0.169E-23 0.163E+00 0.260E-02 0.147E-02 0.448E-28 0.399E-03 0.141E-04 0.450E-37 0.805E-04 0.450E-37 0.450E-37 0.450E-37 0.450E-37 0.450E-37 0.450E-37 0.450E-37
  2  0.14100E-05  229.43 0.450E-37 0.833E+00 0.450E-37 0.450E-37 0.450E-37 0.450E-37 0.450E-37 0.375E-24 0.163E+00 0.260E-02 0.147E-02 0.812E-29 0.419E-03 0.506E-05 0.450E-37 0.805E-04 0.450E-37 0.450E-37 0.450E-37 0.450E-37 0.450E-37 0.450E-37 0.450E-37
  3  0.20000E-05  227.81 0.450E-37 0.833E+00 0.450E-37 0.450E-37 0.450E-37 0.450E-37 0.450E-37 0.101E-24 0.163E+00 0.260E-02 0.147E-02 0.187E-29 0.427E-03 0.187E-05 0.450E-37 0.805E-04 0.450E-37 0.450E-37 0.450E-37 0.450E-37 0.450E-37 0.450E-37 0.450E-37
  4  0.28200E-05  226.80 0.450E-37 0.833E+00 0.450E-37 0.450E-37 0.450E-37 0.450E-37 0.450E-37 0.343E-25 0.163E+00 0.260E-02 0.147E-02 0.578E-30 0.432E-03 0.783E-06 0.450E-37 0.805E-04 0.450E-37 0.450E-37 0.450E-37 0.450E-37 0.450E-37 0.450E-37 0.450E-37
  5  0.39800E-05  226.31 0.450E-37 0.833E+00 0.450E-37 0.450E-37 0.450E-37 0.450E-37 0.450E-37 0.143E-25 0.163E+00 0.260E-02 0.147E-02 0.229E-30 0.433E-03 0.358E-06 0.450E-37 0.805E-04 0.450E-37 0.450E-37 0.450E-37 0.450E-37 0.450E-37 0.450E-37 0.450E-37
  6  0.56200E-05  226.33 0.450E-37 0.833E+00 0.450E-37 0.450E-37 0.450E-37 0.450E-37 0.450E-37 0.720E-26 0.163E+00 0.260E-02 0.147E-02 0.116E-30 0.434E-03 0.180E-06 0.450E-37 0.805E-04 0.450E-37 0.450E-37 0.450E-37 0.450E-37 0.450E-37 0.450E-37 0.450E-37
  7  0.79400E-05  226.76 0.450E-37 0.833E+00 0.450E-37 0.450E-37 0.450E-37 0.450E-37 0.450E-37 0.426E-26 0.163E+00 0.260E-02 0.147E-02 0.716E-31 0.434E-03 0.990E-07 0.450E-37 0.805E-04 0.450E-37 0.450E-37 0.450E-37 0.450E-37 0.450E-37 0.450E-37 0.450E-37
  8  0.11220E-04  227.33 0.450E-37 0.833E+00 0.450E-37 0.450E-37 0.450E-37 0.450E-37 0.450E-37 0.266E-26 0.163E+00 0.260E-02 0.147E-02 0.472E-31 0.435E-03 0.559E-07 0.450E-37 0.805E-04 0.450E-37 0.450E-37 0.450E-37 0.450E-37 0.450E-37 0.450E-37 0.450E-37
  9  0.15850E-04  227.93 0.450E-37 0.833E+00 0.450E-37 0.450E-37 0.450E-37 0.450E-37 0.450E-37 0.168E-26 0.163E+00 0.260E-02 0.147E-02 0.315E-31 0.435E-03 0.317E-07 0.450E-37 0.805E-04 0.450E-37 0.450E-37 0.450E-37 0.450E-37 0.450E-37 0.450E-37 0.450E-37
 10  0.22390E-04  228.56 0.450E-37 0.833E+00 0.450E-37 0.450E-37 0.450E-37 0.450E-37 0.450E-37 0.107E-26 0.163E+00 0.260E-02 0.147E-02 0.213E-31 0.435E-03 0.180E-07 0.450E-37 0.805E-04 0.450E-37 0.450E-37 0.450E-37 0.450E-37 0.450E-37 0.450E-37 0.450E-37
 11  0.31620E-04  229.10 0.450E-37 0.833E+00 0.450E-37 0.450E-37 0.450E-37 0.450E-37 0.450E-37 0.658E-27 0.163E+00 0.260E-02 0.147E-02 0.138E-31 0.435E-03 0.101E-07 0.450E-37 0.805E-04 0.450E-37 0.450E-37 0.450E-37 0.450E-37 0.450E-37 0.450E-37 0.450E-37
 12  0.44670E-04  229.43 0.450E-37 0.833E+00 0.450E-37 0.450E-37 0.450E-37 0.450E-37 0.450E-37 0.374E-27 0.163E+00 0.260E-02 0.147E-02 0.809E-32 0.435E-03 0.542E-08 0.450E-37 0.805E-04 0.450E-37 0.450E-37 0.450E-37 0.450E-37 0.450E-37 0.450E-37 0.450E-37
 13  0.63100E-04  229.37 0.450E-37 0.833E+00 0.450E-37 0.450E-37 0.450E-37 0.450E-37 0.450E-37 0.183E-27 0.163E+00 0.260E-02 0.147E-02 0.393E-32 0.435E-03 0.268E-08 0.450E-37 0.805E-04 0.450E-37 0.450E-37 0.450E-37 0.450E-37 0.450E-37 0.450E-37 0.450E-37
 14  0.89120E-04  228.57 0.450E-37 0.833E+00 0.450E-37 0.450E-37 0.450E-37 0.450E-37 0.450E-37 0.678E-28 0.163E+00 0.260E-02 0.147E-02 0.135E-32 0.435E-03 0.114E-08 0.450E-37 0.805E-04 0.450E-37 0.450E-37 0.450E-37 0.450E-37 0.450E-37 0.450E-37 0.450E-37
 15  0.12589E-03  226.71 0.450E-37 0.833E+00 0.450E-37 0.450E-37 0.450E-37 0.450E-37 0.450E-37 0.166E-28 0.163E+00 0.260E-02 0.147E-02 0.278E-33 0.435E-03 0.391E-09 0.450E-37 0.805E-04 0.450E-37 0.450E-37 0.450E-37 0.450E-37 0.450E-37 0.450E-37 0.450E-37
 16  0.17783E-03  224.03 0.450E-37 0.833E+00 0.450E-37 0.450E-37 0.450E-37 0.450E-37 0.450E-37 0.292E-29 0.163E+00 0.260E-02 0.147E-02 0.376E-34 0.435E-03 0.112E-09 0.450E-37 0.805E-04 0.450E-37 0.450E-37 0.450E-37 0.450E-37 0.450E-37 0.450E-37 0.450E-37
 17  0.25119E-03  220.79 0.450E-37 0.833E+00 0.450E-37 0.450E-37 0.450E-37 0.450E-37 0.450E-37 0.397E-30 0.163E+00 0.260E-02 0.147E-02 0.370E-35 0.435E-03 0.278E-10 0.450E-37 0.805E-04 0.450E-37 0.450E-37 0.450E-37 0.450E-37 0.450E-37 0.450E-37 0.450E-37
 18  0.35481E-03  216.82 0.450E-37 0.833E+00 0.450E-37 0.450E-37 0.450E-37 0.450E-37 0.450E-37 0.382E-31 0.163E+00 0.260E-02 0.147E-02 0.447E-36 0.435E-03 0.579E-11 0.450E-37 0.805E-04 0.450E-37 0.450E-37 0.450E-37 0.450E-37 0.450E-37 0.450E-37 0.450E-37
 19  0.50119E-03  212.71 0.450E-37 0.833E+00 0.450E-37 0.450E-37 0.450E-37 0.450E-37 0.450E-37 0.325E-32 0.163E+00 0.260E-02 0.147E-02 0.940E-37 0.435E-03 0.113E-11 0.450E-37 0.805E-04 0.450E-37 0.450E-37 0.450E-37 0.450E-37 0.450E-37 0.450E-37 0.450E-37
 20  0.70795E-03  209.14 0.450E-37 0.833E+00 0.450E-37 0.450E-37 0.450E-37 0.450E-37 0.450E-37 0.311E-33 0.163E+00 0.252E-02 0.147E-02 0.450E-37 0.435E-03 0.241E-12 0.450E-37 0.805E-04 0.450E-37 0.450E-37 0.450E-37 0.450E-37 0.450E-37 0.450E-37 0.450E-37
 21  0.10000E-02  206.55 0.450E-37 0.833E+00 0.450E-37 0.450E-37 0.450E-37 0.450E-37 0.450E-37 0.364E-34 0.163E+00 0.221E-02 0.147E-02 0.450E-37 0.435E-03 0.644E-13 0.450E-37 0.805E-04 0.450E-37 0.450E-37 0.450E-37 0.450E-37 0.450E-37 0.450E-37 0.450E-37
 22  0.14125E-02  205.17 0.451E-37 0.833E+00 0.451E-37 0.451E-37 0.451E-37 0.451E-37 0.451E-37 0.723E-35 0.163E+00 0.173E-02 0.148E-02 0.451E-37 0.435E-03 0.229E-13 0.451E-37 0.805E-04 0.451E-37 0.451E-37 0.451E-37 0.451E-37 0.451E-37 0.451E-37 0.451E-37
 23  0.19953E-02  204.65 0.451E-37 0.833E+00 0.451E-37 0.451E-37 0.451E-37 0.451E-37 0.451E-37 0.231E-35 0.163E+00 0.136E-02 0.148E-02 0.451E-37 0.435E-03 0.101E-13 0.451E-37 0.805E-04 0.451E-37 0.451E-37 0.451E-37 0.451E-37 0.451E-37 0.451E-37 0.451E-37
 24  0.28184E-02  204.76 0.451E-37 0.834E+00 0.451E-37 0.451E-37 0.451E-37 0.451E-37 0.451E-37 0.107E-35 0.163E+00 0.113E-02 0.148E-02 0.451E-37 0.435E-03 0.519E-14 0.451E-37 0.806E-04 0.451E-37 0.451E-37 0.451E-37 0.451E-37 0.451E-37 0.451E-37 0.451E-37
 25  0.39811E-02  205.52 0.451E-37 0.834E+00 0.451E-37 0.451E-37 0.451E-37 0.451E-37 0.451E-37 0.775E-36 0.163E+00 0.922E-03 0.148E-02 0.451E-37 0.435E-03 0.314E-14 0.451E-37 0.806E-04 0.451E-37 0.451E-37 0.451E-37 0.451E-37 0.451E-37 0.451E-37 0.451E-37
 26  0.56234E-02  206.50 0.451E-37 0.834E+00 0.451E-37 0.451E-37 0.451E-37 0.451E-37 0.451E-37 0.508E-36 0.163E+00 0.753E-03 0.148E-02 0.451E-37 0.435E-03 0.201E-14 0.451E-37 0.806E-04 0.451E-37 0.451E-37 0.451E-37 0.451E-37 0.451E-37 0.451E-37 0.451E-37
 27  0.79433E-02  207.56 0.451E-37 0.834E+00 0.451E-37 0.451E-37 0.451E-37 0.451E-37 0.451E-37 0.258E-36 0.163E+00 0.621E-03 0.148E-02 0.451E-37 0.435E-03 0.131E-14 0.451E-37 0.806E-04 0.451E-37 0.451E-37 0.451E-37 0.451E-37 0.451E-37 0.451E-37 0.451E-37
 28  0.11220E-01  208.90 0.451E-37 0.834E+00 0.451E-37 0.451E-37 0.451E-37 0.451E-37 0.451E-37 0.134E-36 0.163E+00 0.533E-03 0.148E-02 0.451E-37 0.436E-03 0.910E-15 0.451E-37 0.806E-04 0.451E-37 0.451E-37 0.451E-37 0.451E-37 0.451E-37 0.451E-37 0.451E-37
 29  0.15849E-01  210.62 0.451E-37 0.834E+00 0.451E-37 0.451E-37 0.451E-37 0.451E-37 0.451E-37 0.144E-36 0.163E+00 0.480E-03 0.148E-02 0.451E-37 0.436E-03 0.689E-15 0.451E-37 0.806E-04 0.451E-37 0.451E-37 0.451E-37 0.451E-37 0.451E-37 0.451E-37 0.451E-37
 30  0.22387E-01  212.88 0.451E-37 0.834E+00 0.451E-37 0.451E-37 0.451E-37 0.451E-37 0.451E-37 0.266E-36 0.163E+00 0.463E-03 0.148E-02 0.451E-37 0.436E-03 0.589E-15 0.451E-37 0.806E-04 0.451E-37 0.451E-37 0.451E-37 0.451E-37 0.451E-37 0.451E-37 0.451E-37
 31  0.31623E-01  216.01 0.451E-37 0.834E+00 0.451E-37 0.451E-37 0.451E-37 0.451E-37 0.451E-37 0.455E-36 0.163E+00 0.500E-03 0.148E-02 0.451E-37 0.436E-03 0.608E-15 0.451E-37 0.806E-04 0.451E-37 0.451E-37 0.451E-37 0.451E-37 0.451E-37 0.451E-37 0.451E-37
 32  0.44668E-01  220.16 0.451E-37 0.834E+00 0.451E-37 0.451E-37 0.451E-37 0.451E-37 0.451E-37 0.701E-36 0.163E+00 0.606E-03 0.148E-02 0.451E-37 0.436E-03 0.769E-15 0.451E-37 0.806E-04 0.451E-37 0.451E-37 0.451E-37 0.451E-37 0.451E-37 0.451E-37 0.451E-37
 33  0.63096E-01  225.59 0.451E-37 0.834E+00 0.451E-37 0.451E-37 0.451E-37 0.451E-37 0.451E-37 0.533E-35 0.163E+00 0.817E-03 0.148E-02 0.451E-37 0.435E-03 0.123E-14 0.451E-37 0.806E-04 0.451E-37 0.451E-37 0.451E-37 0.451E-37 0.451E-37 0.451E-37 0.451E-37
 34  0.89125E-01  233.49 0.451E-37 0.833E+00 0.451E-37 0.451E-37 0.451E-37 0.451E-37 0.451E-37 0.124E-33 0.163E+00 0.140E-02 0.148E-02 0.820E-37 0.435E-03 0.307E-14 0.451E-37 0.805E-04 0.451E-37 0.451E-37 0.451E-37 0.451E-37 0.451E-37 0.451E-37 0.451E-37
 35  0.12589E+00  248.53 0.450E-37 0.833E+00 0.450E-37 0.450E-37 0.450E-37 0.450E-37 0.450E-37 0.346E-31 0.163E+00 0.251E-02 0.147E-02 0.425E-35 0.435E-03 0.248E-13 0.450E-37 0.805E-04 0.450E-37 0.450E-37 0.450E-37 0.450E-37 0.450E-37 0.450E-37 0.450E-37
 36  0.17783E+00  270.16 0.450E-37 0.833E+00 0.450E-37 0.450E-37 0.450E-37 0.450E-37 0.450E-37 0.113E-28 0.163E+00 0.260E-02 0.147E-02 0.622E-32 0.435E-03 0.408E-12 0.166E-35 0.805E-04 0.450E-37 0.450E-37 0.450E-37 0.450E-37 0.450E-37 0.450E-37 0.450E-37
 37  0.25119E+00  300.11 0.450E-37 0.833E+00 0.790E-35 0.450E-37 0.450E-37 0.450E-37 0.450E-37 0.876E-26 0.163E+00 0.259E-02 0.147E-02 0.299E-28 0.434E-03 0.118E-10 0.167E-31 0.804E-04 0.450E-37 0.450E-37 0.450E-37 0.450E-37 0.450E-37 0.450E-37 0.450E-37
 38  0.35481E+00  333.11 0.450E-37 0.833E+00 0.383E-31 0.450E-37 0.450E-37 0.450E-37 0.450E-37 0.313E-23 0.163E+00 0.259E-02 0.147E-02 0.545E-25 0.434E-03 0.234E-09 0.510E-28 0.804E-04 0.450E-37 0.450E-37 0.450E-37 0.450E-37 0.450E-37 0.450E-37 0.450E-37
 39  0.50119E+00  369.54 0.450E-37 0.833E+00 0.764E-28 0.450E-37 0.450E-37 0.450E-37 0.450E-37 0.566E-21 0.163E+00 0.259E-02 0.147E-02 0.424E-22 0.434E-03 0.335E-08 0.667E-25 0.804E-04 0.450E-37 0.450E-37 0.450E-37 0.450E-37 0.450E-37 0.450E-37 0.450E-37
 40  0.70795E+00  409.81 0.450E-37 0.833E+00 0.698E-25 0.450E-37 0.450E-37 0.450E-37 0.450E-37 0.556E-19 0.163E+00 0.259E-02 0.147E-02 0.155E-19 0.434E-03 0.358E-07 0.413E-22 0.804E-04 0.450E-37 0.745E-26 0.138E-36 0.352E-36 0.253E-36 0.450E-37 0.450E-37
 41  0.10000E+01  454.36 0.450E-37 0.833E+00 0.319E-22 0.450E-37 0.450E-37 0.450E-37 0.450E-37 0.385E-17 0.163E+00 0.259E-02 0.147E-02 0.344E-17 0.434E-03 0.295E-06 0.132E-19 0.804E-04 0.450E-37 0.157E-22 0.112E-32 0.936E-32 0.434E-32 0.450E-37 0.450E-37
 42  0.14125E+01  503.69 0.963E-37 0.833E+00 0.787E-20 0.450E-37 0.450E-37 0.450E-37 0.450E-37 0.174E-15 0.163E+00 0.259E-02 0.147E-02 0.437E-15 0.426E-03 0.186E-05 0.233E-17 0.804E-04 0.576E-35 0.146E-19 0.475E-28 0.311E-27 0.154E-27 0.624E-37 0.717E-37
 43  0.19953E+01  558.34 0.146E-32 0.833E+00 0.112E-17 0.450E-37 0.450E-37 0.450E-37 0.450E-37 0.533E-14 0.163E+00 0.259E-02 0.147E-02 0.337E-13 0.396E-03 0.853E-05 0.242E-15 0.804E-04 0.662E-31 0.652E-17 0.714E-24 0.374E-23 0.196E-23 0.415E-35 0.298E-34
 44  0.28184E+01  618.82 0.718E-29 0.833E+00 0.962E-16 0.450E-37 0.465E-37 0.450E-37 0.450E-37 0.114E-12 0.163E+00 0.259E-02 0.147E-02 0.164E-11 0.346E-03 0.283E-04 0.157E-13 0.804E-04 0.289E-27 0.151E-14 0.491E-20 0.210E-19 0.145E-20 0.804E-32 0.806E-31
 45  0.39811E+01  685.75 0.224E-25 0.833E+00 0.527E-14 0.450E-37 0.117E-34 0.134E-35 0.450E-37 0.175E-11 0.163E+00 0.259E-02 0.147E-02 0.521E-10 0.266E-03 0.603E-04 0.666E-12 0.804E-04 0.527E-24 0.193E-12 0.176E-16 0.256E-16 0.269E-18 0.323E-28 0.265E-27
 46  0.56234E+01  759.72 0.425E-22 0.833E+00 0.192E-12 0.450E-37 0.217E-30 0.307E-32 0.121E-35 0.199E-10 0.163E+00 0.259E-02 0.147E-02 0.113E-08 0.194E-03 0.973E-04 0.192E-10 0.804E-04 0.433E-21 0.144E-10 0.336E-13 0.520E-14 0.241E-16 0.550E-25 0.377E-24
 47  0.79433E+01  841.34 0.512E-19 0.833E+00 0.482E-11 0.450E-37 0.235E-26 0.314E-28 0.498E-32 0.172E-09 0.163E+00 0.259E-02 0.147E-02 0.172E-07 0.140E-03 0.134E-03 0.393E-09 0.804E-04 0.172E-18 0.655E-09 0.273E-10 0.261E-12 0.151E-14 0.429E-22 0.250E-21
 48  0.10000E+02  900.22 0.491E-17 0.833E+00 0.340E-10 0.450E-37 0.860E-24 0.840E-26 0.289E-29 0.624E-09 0.163E+00 0.259E-02 0.147E-02 0.873E-07 0.116E-03 0.159E-03 0.247E-08 0.804E-04 0.640E-17 0.651E-08 0.179E-08 0.283E-11 0.188E-13 0.244E-20 0.129E-19
 49  0.15849E+02  987.97 0.291E-15 0.833E+00 0.376E-09 0.450E-37 0.299E-21 0.832E-23 0.759E-26 0.234E-08 0.163E+00 0.259E-02 0.147E-02 0.498E-06 0.964E-04 0.160E-03 0.281E-07 0.805E-04 0.520E-15 0.995E-07 0.228E-07 0.389E-10 0.317E-12 0.372E-18 0.174E-17
 50  0.22387E+02 1049.02 0.254E-14 0.833E+00 0.153E-08 0.450E-37 0.768E-20 0.470E-21 0.767E-24 0.450E-08 0.163E+00 0.259E-02 0.147E-02 0.123E-05 0.932E-04 0.164E-03 0.123E-06 0.810E-04 0.657E-14 0.466E-06 0.737E-07 0.125E-09 0.125E-11 0.709E-17 0.170E-16
 51  0.31623E+02 1114.23 0.176E-13 0.833E+00 0.573E-08 0.450E-37 0.149E-18 0.209E-19 0.592E-22 0.814E-08 0.163E+00 0.259E-02 0.147E-02 0.279E-05 0.921E-04 0.168E-03 0.465E-06 0.818E-04 0.706E-13 0.185E-05 0.188E-06 0.331E-09 0.406E-11 0.114E-15 0.157E-15
 52  0.44668E+02 1190.80 0.106E-12 0.833E+00 0.227E-07 0.450E-37 0.256E-17 0.106E-17 0.529E-20 0.154E-07 0.163E+00 0.258E-02 0.146E-02 0.665E-05 0.874E-04 0.165E-03 0.128E-05 0.848E-04 0.820E-12 0.678E-05 0.332E-06 0.617E-09 0.104E-10 0.200E-14 0.377E-14
 53  0.63096E+02 1278.39 0.531E-12 0.833E+00 0.897E-07 0.450E-37 0.362E-16 0.525E-16 0.461E-18 0.284E-07 0.163E+00 0.256E-02 0.144E-02 0.155E-04 0.844E-04 0.167E-03 0.158E-05 0.858E-04 0.931E-11 0.957E-05 0.408E-06 0.765E-09 0.155E-10 0.345E-13 0.807E-13
 54  0.89125E+02 1376.31 0.240E-11 0.833E+00 0.338E-06 0.450E-37 0.445E-15 0.223E-14 0.337E-16 0.506E-07 0.163E+00 0.254E-02 0.142E-02 0.344E-04 0.832E-04 0.173E-03 0.156E-05 0.863E-04 0.958E-10 0.106E-04 0.458E-06 0.859E-09 0.202E-10 0.536E-12 0.144E-11
 55  0.12589E+03 1486.11 0.996E-11 0.833E+00 0.121E-05 0.450E-37 0.483E-14 0.809E-13 0.206E-14 0.839E-07 0.163E+00 0.250E-02 0.138E-02 0.708E-04 0.813E-04 0.171E-03 0.149E-05 0.862E-04 0.889E-09 0.107E-04 0.497E-06 0.933E-09 0.251E-10 0.749E-11 0.214E-10
 56  0.17783E+03 1611.08 0.397E-10 0.833E+00 0.419E-05 0.648E-37 0.486E-13 0.262E-11 0.112E-12 0.121E-06 0.163E+00 0.239E-02 0.127E-02 0.128E-03 0.806E-04 0.170E-03 0.138E-05 0.862E-04 0.760E-08 0.108E-04 0.543E-06 0.102E-08 0.320E-10 0.962E-10 0.278E-09
 57  0.25119E+03 1756.17 0.155E-09 0.833E+00 0.142E-04 0.148E-34 0.469E-12 0.777E-10 0.510E-11 0.172E-06 0.162E+00 0.230E-02 0.117E-02 0.226E-03 0.812E-04 0.173E-03 0.124E-05 0.860E-04 0.612E-07 0.109E-04 0.595E-06 0.113E-08 0.413E-10 0.116E-08 0.328E-08
 58  0.35481E+03 1923.63 0.580E-09 0.833E+00 0.459E-04 0.285E-31 0.413E-11 0.201E-08 0.171E-09 0.256E-06 0.162E+00 0.224E-02 0.116E-02 0.411E-03 0.831E-04 0.177E-03 0.110E-05 0.857E-04 0.422E-06 0.110E-04 0.638E-06 0.122E-08 0.509E-10 0.120E-07 0.332E-07
 59  0.50119E+03 2103.27 0.183E-08 0.834E+00 0.130E-03 0.249E-28 0.283E-10 0.164E-07 0.358E-08 0.341E-06 0.162E+00 0.210E-02 0.124E-02 0.671E-03 0.880E-04 0.180E-03 0.964E-06 0.827E-04 0.219E-05 0.109E-04 0.656E-06 0.126E-08 0.564E-10 0.920E-07 0.981E-07
 60  0.70795E+03 2295.31 0.502E-08 0.834E+00 0.325E-03 0.107E-25 0.155E-09 0.214E-07 0.430E-07 0.439E-06 0.162E+00 0.208E-02 0.129E-02 0.980E-03 0.962E-04 0.182E-03 0.859E-06 0.781E-04 0.906E-05 0.108E-04 0.657E-06 0.125E-08 0.584E-10 0.551E-06 0.139E-06
 61  0.10000E+04 2499.87 0.121E-07 0.834E+00 0.727E-03 0.241E-23 0.699E-09 0.154E-07 0.453E-06 0.423E-06 0.162E+00 0.188E-02 0.136E-02 0.116E-02 0.108E-03 0.184E-03 0.776E-06 0.778E-04 0.512E-04 0.106E-04 0.648E-06 0.123E-08 0.581E-10 0.443E-05 0.191E-06
