   25.000000000000000     
  1  0.10000E-05  303.76 0.450E-37 0.833E+00 0.113E-31 0.450E-37 0.450E-37 0.450E-37 0.450E-37 0.122E-14 0.163E+00 0.259E-02 0.147E-02 0.509E-17 0.591E-05 0.214E-03 0.382E-35 0.804E-04 0.450E-37 0.450E-37 0.450E-37 0.450E-37 0.450E-37 0.450E-37 0.450E-37
  2  0.14100E-05  301.44 0.450E-37 0.833E+00 0.490E-32 0.450E-37 0.450E-37 0.450E-37 0.450E-37 0.371E-15 0.163E+00 0.259E-02 0.147E-02 0.137E-17 0.953E-05 0.211E-03 0.272E-35 0.804E-04 0.450E-37 0.450E-37 0.450E-37 0.450E-37 0.450E-37 0.450E-37 0.450E-37
  3  0.20000E-05  298.82 0.450E-37 0.833E+00 0.192E-32 0.450E-37 0.450E-37 0.450E-37 0.450E-37 0.103E-15 0.163E+00 0.258E-02 0.147E-02 0.328E-18 0.157E-04 0.208E-03 0.173E-35 0.804E-04 0.450E-37 0.450E-37 0.450E-37 0.450E-37 0.450E-37 0.450E-37 0.450E-37
  4  0.28200E-05  296.15 0.450E-37 0.833E+00 0.733E-33 0.450E-37 0.450E-37 0.450E-37 0.450E-37 0.278E-16 0.163E+00 0.256E-02 0.147E-02 0.774E-19 0.259E-04 0.203E-03 0.103E-35 0.804E-04 0.450E-37 0.450E-37 0.450E-37 0.450E-37 0.450E-37 0.450E-37 0.450E-37
  5  0.39800E-05  293.35 0.450E-37 0.833E+00 0.265E-33 0.450E-37 0.450E-37 0.450E-37 0.450E-37 0.731E-17 0.163E+00 0.255E-02 0.147E-02 0.174E-19 0.424E-04 0.191E-03 0.581E-36 0.804E-04 0.450E-37 0.450E-37 0.450E-37 0.450E-37 0.450E-37 0.450E-37 0.450E-37
  6  0.56200E-05  290.56 0.450E-37 0.833E+00 0.946E-34 0.450E-37 0.450E-37 0.450E-37 0.450E-37 0.191E-17 0.163E+00 0.255E-02 0.147E-02 0.388E-20 0.688E-04 0.176E-03 0.321E-36 0.804E-04 0.450E-37 0.450E-37 0.450E-37 0.450E-37 0.450E-37 0.450E-37 0.450E-37
  7  0.79400E-05  288.62 0.450E-37 0.833E+00 0.433E-34 0.450E-37 0.450E-37 0.450E-37 0.450E-37 0.613E-18 0.163E+00 0.257E-02 0.147E-02 0.110E-20 0.105E-03 0.159E-03 0.264E-36 0.804E-04 0.450E-37 0.450E-37 0.450E-37 0.450E-37 0.450E-37 0.450E-37 0.450E-37
  8  0.11220E-04  288.29 0.450E-37 0.833E+00 0.329E-34 0.450E-37 0.450E-37 0.450E-37 0.450E-37 0.287E-18 0.163E+00 0.258E-02 0.147E-02 0.502E-21 0.142E-03 0.139E-03 0.306E-36 0.804E-04 0.450E-37 0.450E-37 0.450E-37 0.450E-37 0.450E-37 0.450E-37 0.450E-37
  9  0.15850E-04  289.46 0.450E-37 0.833E+00 0.399E-34 0.450E-37 0.450E-37 0.450E-37 0.450E-37 0.191E-18 0.163E+00 0.258E-02 0.147E-02 0.357E-21 0.171E-03 0.118E-03 0.509E-36 0.804E-04 0.450E-37 0.450E-37 0.450E-37 0.450E-37 0.450E-37 0.450E-37 0.450E-37
 10  0.22390E-04  291.51 0.450E-37 0.833E+00 0.635E-34 0.450E-37 0.450E-37 0.450E-37 0.450E-37 0.155E-18 0.163E+00 0.259E-02 0.147E-02 0.328E-21 0.200E-03 0.106E-03 0.120E-35 0.804E-04 0.450E-37 0.450E-37 0.450E-37 0.450E-37 0.450E-37 0.450E-37 0.450E-37
 11  0.31620E-04  293.80 0.450E-37 0.833E+00 0.108E-33 0.450E-37 0.450E-37 0.450E-37 0.450E-37 0.133E-18 0.163E+00 0.259E-02 0.147E-02 0.320E-21 0.230E-03 0.945E-04 0.311E-35 0.804E-04 0.450E-37 0.450E-37 0.450E-37 0.450E-37 0.450E-37 0.450E-37 0.450E-37
 12  0.44670E-04  295.97 0.450E-37 0.833E+00 0.175E-33 0.450E-37 0.450E-37 0.450E-37 0.450E-37 0.110E-18 0.163E+00 0.259E-02 0.147E-02 0.298E-21 0.248E-03 0.726E-04 0.770E-35 0.804E-04 0.450E-37 0.450E-37 0.450E-37 0.450E-37 0.450E-37 0.450E-37 0.450E-37
 13  0.63100E-04  297.72 0.450E-37 0.833E+00 0.247E-33 0.450E-37 0.450E-37 0.450E-37 0.450E-37 0.814E-19 0.163E+00 0.259E-02 0.147E-02 0.244E-21 0.280E-03 0.576E-04 0.167E-34 0.804E-04 0.450E-37 0.450E-37 0.450E-37 0.450E-37 0.450E-37 0.450E-37 0.450E-37
 14  0.89120E-04  298.95 0.450E-37 0.833E+00 0.299E-33 0.450E-37 0.450E-37 0.450E-37 0.450E-37 0.537E-19 0.163E+00 0.259E-02 0.147E-02 0.172E-21 0.327E-03 0.460E-04 0.309E-34 0.804E-04 0.450E-37 0.450E-37 0.450E-37 0.450E-37 0.450E-37 0.450E-37 0.450E-37
 15  0.12589E-03  299.83 0.450E-37 0.833E+00 0.325E-33 0.450E-37 0.450E-37 0.450E-37 0.450E-37 0.328E-19 0.163E+00 0.259E-02 0.147E-02 0.110E-21 0.358E-03 0.308E-04 0.517E-34 0.804E-04 0.450E-37 0.450E-37 0.450E-37 0.450E-37 0.450E-37 0.450E-37 0.450E-37
 16  0.17783E-03  300.22 0.450E-37 0.833E+00 0.307E-33 0.450E-37 0.450E-37 0.450E-37 0.450E-37 0.179E-19 0.163E+00 0.259E-02 0.147E-02 0.616E-22 0.380E-03 0.182E-04 0.745E-34 0.804E-04 0.450E-37 0.450E-37 0.450E-37 0.450E-37 0.450E-37 0.450E-37 0.450E-37
 17  0.25119E-03  300.05 0.450E-37 0.833E+00 0.245E-33 0.450E-37 0.450E-37 0.450E-37 0.450E-37 0.863E-20 0.163E+00 0.259E-02 0.147E-02 0.294E-22 0.406E-03 0.102E-04 0.922E-34 0.804E-04 0.450E-37 0.450E-37 0.450E-37 0.450E-37 0.450E-37 0.450E-37 0.450E-37
 18  0.35481E-03  298.98 0.450E-37 0.833E+00 0.151E-33 0.450E-37 0.450E-37 0.450E-37 0.450E-37 0.342E-20 0.163E+00 0.259E-02 0.147E-02 0.110E-22 0.422E-03 0.485E-05 0.881E-34 0.804E-04 0.450E-37 0.450E-37 0.450E-37 0.450E-37 0.450E-37 0.450E-37 0.450E-37
 19  0.50119E-03  296.95 0.450E-37 0.833E+00 0.699E-34 0.450E-37 0.450E-37 0.450E-37 0.450E-37 0.109E-20 0.163E+00 0.259E-02 0.147E-02 0.312E-23 0.427E-03 0.193E-05 0.635E-34 0.804E-04 0.450E-37 0.450E-37 0.450E-37 0.450E-37 0.450E-37 0.450E-37 0.450E-37
 20  0.70795E-03  294.22 0.450E-37 0.833E+00 0.259E-34 0.450E-37 0.450E-37 0.450E-37 0.450E-37 0.293E-21 0.163E+00 0.259E-02 0.147E-02 0.720E-24 0.431E-03 0.700E-06 0.369E-34 0.804E-04 0.450E-37 0.450E-37 0.450E-37 0.450E-37 0.450E-37 0.450E-37 0.450E-37
 21  0.10000E-02  291.10 0.450E-37 0.833E+00 0.838E-35 0.450E-37 0.450E-37 0.450E-37 0.450E-37 0.712E-22 0.163E+00 0.260E-02 0.147E-02 0.146E-24 0.434E-03 0.238E-06 0.188E-34 0.805E-04 0.450E-37 0.450E-37 0.450E-37 0.450E-37 0.450E-37 0.450E-37 0.450E-37
 22  0.14125E-02  288.08 0.450E-37 0.833E+00 0.274E-35 0.450E-37 0.450E-37 0.450E-37 0.450E-37 0.174E-22 0.163E+00 0.260E-02 0.147E-02 0.300E-25 0.434E-03 0.805E-07 0.102E-34 0.805E-04 0.450E-37 0.450E-37 0.450E-37 0.450E-37 0.450E-37 0.450E-37 0.450E-37
 23  0.19953E-02  285.68 0.450E-37 0.833E+00 0.108E-35 0.450E-37 0.450E-37 0.450E-37 0.450E-37 0.490E-23 0.163E+00 0.260E-02 0.147E-02 0.730E-26 0.435E-03 0.293E-07 0.664E-35 0.805E-04 0.450E-37 0.450E-37 0.450E-37 0.450E-37 0.450E-37 0.450E-37 0.450E-37
 24  0.28184E-02  284.15 0.450E-37 0.833E+00 0.551E-36 0.450E-37 0.450E-37 0.450E-37 0.450E-37 0.168E-23 0.163E+00 0.260E-02 0.147E-02 0.228E-26 0.435E-03 0.119E-07 0.551E-35 0.805E-04 0.450E-37 0.450E-37 0.450E-37 0.450E-37 0.450E-37 0.450E-37 0.450E-37
 25  0.39811E-02  283.45 0.450E-37 0.833E+00 0.369E-36 0.450E-37 0.450E-37 0.450E-37 0.450E-37 0.710E-24 0.163E+00 0.260E-02 0.147E-02 0.923E-27 0.435E-03 0.544E-08 0.582E-35 0.805E-04 0.450E-37 0.450E-37 0.450E-37 0.450E-37 0.450E-37 0.450E-37 0.450E-37
 26  0.56234E-02  283.67 0.450E-37 0.833E+00 0.334E-36 0.450E-37 0.450E-37 0.450E-37 0.450E-37 0.376E-24 0.163E+00 0.260E-02 0.147E-02 0.495E-27 0.435E-03 0.281E-08 0.805E-35 0.805E-04 0.450E-37 0.450E-37 0.450E-37 0.450E-37 0.450E-37 0.450E-37 0.450E-37
 27  0.79433E-02  285.16 0.450E-37 0.833E+00 0.456E-36 0.450E-37 0.450E-37 0.450E-37 0.450E-37 0.272E-24 0.163E+00 0.260E-02 0.147E-02 0.392E-27 0.435E-03 0.172E-08 0.161E-34 0.805E-04 0.450E-37 0.450E-37 0.450E-37 0.450E-37 0.450E-37 0.450E-37 0.450E-37
 28  0.11220E-01  288.23 0.450E-37 0.833E+00 0.102E-35 0.450E-37 0.450E-37 0.450E-37 0.450E-37 0.287E-24 0.163E+00 0.260E-02 0.147E-02 0.497E-27 0.435E-03 0.130E-08 0.506E-34 0.805E-04 0.450E-37 0.450E-37 0.450E-37 0.450E-37 0.450E-37 0.450E-37 0.450E-37
 29  0.15849E-01  292.78 0.450E-37 0.833E+00 0.353E-35 0.450E-37 0.450E-37 0.450E-37 0.450E-37 0.420E-24 0.163E+00 0.259E-02 0.147E-02 0.950E-27 0.435E-03 0.118E-08 0.250E-33 0.804E-04 0.450E-37 0.450E-37 0.450E-37 0.450E-37 0.450E-37 0.450E-37 0.450E-37
 30  0.22387E-01  299.01 0.450E-37 0.833E+00 0.192E-34 0.450E-37 0.450E-37 0.450E-37 0.450E-37 0.864E-24 0.163E+00 0.259E-02 0.147E-02 0.278E-26 0.434E-03 0.130E-08 0.199E-32 0.804E-04 0.450E-37 0.450E-37 0.450E-37 0.450E-37 0.450E-37 0.450E-37 0.450E-37
 31  0.31623E-01  307.46 0.450E-37 0.833E+00 0.179E-33 0.450E-37 0.450E-37 0.450E-37 0.450E-37 0.269E-23 0.163E+00 0.259E-02 0.147E-02 0.136E-25 0.434E-03 0.180E-08 0.230E-31 0.804E-04 0.450E-37 0.450E-37 0.450E-37 0.450E-37 0.450E-37 0.450E-37 0.450E-37
 32  0.44668E-01  318.36 0.450E-37 0.833E+00 0.281E-32 0.450E-37 0.450E-37 0.450E-37 0.450E-37 0.124E-22 0.163E+00 0.259E-02 0.147E-02 0.109E-24 0.434E-03 0.311E-08 0.411E-30 0.804E-04 0.450E-37 0.450E-37 0.450E-37 0.450E-37 0.450E-37 0.450E-37 0.450E-37
 33  0.63096E-01  332.98 0.450E-37 0.833E+00 0.880E-31 0.450E-37 0.450E-37 0.450E-37 0.450E-37 0.966E-22 0.163E+00 0.259E-02 0.147E-02 0.167E-23 0.434E-03 0.729E-08 0.136E-28 0.804E-04 0.450E-37 0.450E-37 0.450E-37 0.450E-37 0.450E-37 0.450E-37 0.450E-37
 34  0.89125E-01  353.81 0.450E-37 0.833E+00 0.769E-29 0.450E-37 0.450E-37 0.450E-37 0.450E-37 0.163E-20 0.163E+00 0.259E-02 0.147E-02 0.676E-22 0.434E-03 0.269E-07 0.110E-26 0.804E-04 0.450E-37 0.450E-37 0.450E-37 0.450E-37 0.450E-37 0.450E-37 0.450E-37
 35  0.12589E+00  384.03 0.450E-37 0.833E+00 0.223E-26 0.450E-37 0.450E-37 0.450E-37 0.450E-37 0.672E-19 0.163E+00 0.259E-02 0.147E-02 0.835E-20 0.434E-03 0.171E-06 0.254E-24 0.804E-04 0.450E-37 0.678E-33 0.450E-37 0.527E-37 0.450E-37 0.450E-37 0.450E-37
 36  0.17783E+00  425.68 0.450E-37 0.833E+00 0.153E-23 0.450E-37 0.450E-37 0.450E-37 0.450E-37 0.569E-17 0.163E+00 0.259E-02 0.147E-02 0.247E-17 0.429E-03 0.160E-05 0.120E-21 0.804E-04 0.450E-37 0.623E-24 0.687E-35 0.680E-34 0.301E-34 0.450E-37 0.450E-37
 37  0.25119E+00  476.42 0.477E-37 0.833E+00 0.932E-21 0.450E-37 0.450E-37 0.450E-37 0.450E-37 0.508E-15 0.163E+00 0.259E-02 0.147E-02 0.741E-15 0.397E-03 0.131E-04 0.482E-19 0.804E-04 0.111E-36 0.186E-20 0.176E-29 0.131E-28 0.625E-29 0.450E-37 0.450E-37
 38  0.35481E+00  529.99 0.498E-34 0.833E+00 0.211E-18 0.450E-37 0.450E-37 0.450E-37 0.450E-37 0.222E-13 0.163E+00 0.259E-02 0.147E-02 0.890E-13 0.282E-03 0.429E-04 0.764E-17 0.804E-04 0.312E-32 0.152E-17 0.705E-25 0.412E-24 0.148E-24 0.759E-36 0.220E-35
 39  0.50119E+00  585.42 0.700E-30 0.833E+00 0.199E-16 0.450E-37 0.583E-37 0.450E-37 0.450E-37 0.493E-12 0.163E+00 0.259E-02 0.147E-02 0.462E-11 0.199E-03 0.939E-04 0.553E-15 0.804E-04 0.164E-28 0.404E-15 0.556E-21 0.255E-20 0.412E-21 0.134E-33 0.151E-32
 40  0.70795E+00  648.79 0.278E-26 0.833E+00 0.138E-14 0.450E-37 0.164E-36 0.450E-37 0.450E-37 0.899E-11 0.163E+00 0.259E-02 0.147E-02 0.183E-09 0.124E-03 0.146E-03 0.294E-13 0.804E-04 0.475E-25 0.707E-13 0.334E-17 0.116E-16 0.671E-19 0.886E-30 0.809E-29
 41  0.10000E+01  718.89 0.712E-23 0.833E+00 0.625E-13 0.450E-37 0.467E-32 0.831E-34 0.450E-37 0.120E-09 0.163E+00 0.259E-02 0.147E-02 0.488E-08 0.751E-04 0.178E-03 0.104E-11 0.804E-04 0.594E-22 0.699E-11 0.113E-13 0.200E-14 0.861E-17 0.237E-26 0.179E-25
 42  0.14125E+01  796.30 0.172E-19 0.833E+00 0.191E-11 0.450E-37 0.116E-27 0.115E-29 0.106E-33 0.121E-08 0.163E+00 0.259E-02 0.147E-02 0.896E-07 0.461E-04 0.190E-03 0.254E-10 0.804E-04 0.347E-19 0.413E-09 0.176E-10 0.145E-12 0.744E-15 0.280E-23 0.178E-22
 43  0.19953E+01  881.68 0.997E-17 0.833E+00 0.409E-10 0.450E-37 0.540E-24 0.733E-26 0.200E-29 0.922E-08 0.163E+00 0.259E-02 0.147E-02 0.117E-05 0.302E-04 0.199E-03 0.449E-09 0.804E-04 0.101E-16 0.153E-07 0.280E-08 0.603E-11 0.387E-13 0.157E-20 0.853E-20
 44  0.28184E+01  938.22 0.186E-15 0.833E+00 0.213E-09 0.450E-37 0.348E-22 0.856E-24 0.460E-27 0.215E-07 0.163E+00 0.258E-02 0.146E-02 0.365E-05 0.275E-04 0.202E-03 0.250E-08 0.806E-04 0.208E-15 0.987E-07 0.206E-07 0.334E-10 0.254E-12 0.505E-19 0.253E-18
 45  0.39811E+01  973.11 0.700E-15 0.833E+00 0.497E-09 0.450E-37 0.282E-21 0.105E-22 0.821E-26 0.257E-07 0.163E+00 0.258E-02 0.146E-02 0.514E-05 0.299E-04 0.199E-03 0.727E-08 0.806E-04 0.967E-15 0.240E-06 0.451E-07 0.743E-10 0.619E-12 0.325E-18 0.155E-17
 46  0.56234E+01 1005.62 0.210E-14 0.833E+00 0.102E-08 0.450E-37 0.169E-20 0.883E-22 0.962E-25 0.272E-07 0.163E+00 0.258E-02 0.146E-02 0.629E-05 0.338E-04 0.197E-03 0.190E-07 0.808E-04 0.351E-14 0.492E-06 0.843E-07 0.141E-09 0.128E-11 0.160E-17 0.685E-17
 47  0.79433E+01 1035.57 0.453E-14 0.833E+00 0.184E-08 0.450E-37 0.674E-20 0.530E-21 0.767E-24 0.261E-07 0.163E+00 0.257E-02 0.145E-02 0.681E-05 0.392E-04 0.195E-03 0.448E-07 0.816E-04 0.101E-13 0.863E-06 0.113E-06 0.193E-09 0.200E-11 0.618E-17 0.176E-16
 48  0.10000E+02 1054.70 0.730E-14 0.833E+00 0.263E-08 0.450E-37 0.159E-19 0.154E-20 0.265E-23 0.251E-07 0.163E+00 0.258E-02 0.146E-02 0.699E-05 0.438E-04 0.194E-03 0.760E-07 0.817E-04 0.189E-13 0.122E-05 0.139E-06 0.241E-09 0.268E-11 0.139E-16 0.311E-16
 49  0.15849E+02 1092.30 0.173E-13 0.833E+00 0.500E-08 0.450E-37 0.788E-19 0.110E-19 0.261E-22 0.211E-07 0.163E+00 0.258E-02 0.146E-02 0.675E-05 0.546E-04 0.185E-03 0.208E-06 0.818E-04 0.587E-13 0.220E-05 0.205E-06 0.363E-09 0.446E-11 0.622E-16 0.879E-16
 50  0.22387E+02 1128.87 0.366E-13 0.833E+00 0.931E-08 0.450E-37 0.311E-18 0.701E-19 0.223E-21 0.208E-07 0.163E+00 0.257E-02 0.145E-02 0.749E-05 0.626E-04 0.182E-03 0.454E-06 0.829E-04 0.175E-12 0.324E-05 0.248E-06 0.446E-09 0.615E-11 0.250E-15 0.367E-15
 51  0.31623E+02 1177.55 0.101E-12 0.833E+00 0.209E-07 0.450E-37 0.178E-17 0.745E-18 0.339E-20 0.246E-07 0.163E+00 0.258E-02 0.146E-02 0.102E-04 0.689E-04 0.180E-03 0.102E-05 0.850E-04 0.732E-12 0.671E-05 0.333E-06 0.616E-09 0.103E-10 0.145E-14 0.259E-14
 52  0.44668E+02 1239.77 0.315E-12 0.833E+00 0.554E-07 0.450E-37 0.125E-16 0.123E-16 0.851E-19 0.322E-07 0.163E+00 0.256E-02 0.144E-02 0.160E-04 0.717E-04 0.174E-03 0.148E-05 0.856E-04 0.406E-11 0.909E-05 0.396E-06 0.740E-09 0.142E-10 0.114E-13 0.245E-13
 53  0.63096E+02 1314.41 0.105E-11 0.833E+00 0.160E-06 0.450E-37 0.989E-16 0.255E-15 0.277E-17 0.452E-07 0.163E+00 0.254E-02 0.141E-02 0.271E-04 0.744E-04 0.174E-03 0.159E-05 0.863E-04 0.261E-10 0.106E-04 0.440E-06 0.825E-09 0.180E-10 0.106E-12 0.265E-12
 54  0.89125E+02 1402.04 0.363E-11 0.833E+00 0.484E-06 0.450E-37 0.822E-15 0.594E-14 0.102E-15 0.677E-07 0.163E+00 0.252E-02 0.140E-02 0.487E-04 0.769E-04 0.177E-03 0.154E-05 0.863E-04 0.182E-09 0.106E-04 0.472E-06 0.883E-09 0.216E-10 0.108E-11 0.297E-11
 55  0.12589E+03 1504.69 0.129E-10 0.833E+00 0.152E-05 0.450E-37 0.706E-14 0.149E-12 0.413E-14 0.992E-07 0.163E+00 0.248E-02 0.136E-02 0.869E-04 0.774E-04 0.173E-03 0.147E-05 0.862E-04 0.132E-08 0.107E-04 0.507E-06 0.951E-09 0.262E-10 0.116E-10 0.333E-10
 56  0.17783E+03 1624.29 0.464E-10 0.833E+00 0.480E-05 0.993E-37 0.611E-13 0.380E-11 0.170E-12 0.131E-06 0.162E+00 0.237E-02 0.124E-02 0.143E-03 0.782E-04 0.172E-03 0.136E-05 0.862E-04 0.967E-08 0.108E-04 0.550E-06 0.104E-08 0.330E-10 0.125E-09 0.361E-09
 57  0.25119E+03 1765.84 0.171E-09 0.833E+00 0.154E-04 0.243E-34 0.539E-12 0.977E-10 0.655E-11 0.180E-06 0.162E+00 0.229E-02 0.115E-02 0.241E-03 0.796E-04 0.174E-03 0.123E-05 0.860E-04 0.709E-07 0.109E-04 0.599E-06 0.114E-08 0.421E-10 0.137E-08 0.384E-08
 58  0.35481E+03 1934.02 0.631E-09 0.833E+00 0.496E-04 0.446E-31 0.467E-11 0.249E-08 0.213E-09 0.263E-06 0.162E+00 0.222E-02 0.113E-02 0.430E-03 0.817E-04 0.178E-03 0.108E-05 0.856E-04 0.478E-06 0.110E-04 0.640E-06 0.122E-08 0.514E-10 0.138E-07 0.371E-07
 59  0.50119E+03 2114.40 0.198E-08 0.834E+00 0.139E-03 0.372E-28 0.316E-10 0.178E-07 0.434E-08 0.349E-06 0.162E+00 0.208E-02 0.122E-02 0.697E-03 0.867E-04 0.181E-03 0.952E-06 0.822E-04 0.245E-05 0.109E-04 0.658E-06 0.126E-08 0.567E-10 0.104E-06 0.993E-07
 60  0.70795E+03 2307.18 0.537E-08 0.834E+00 0.345E-03 0.153E-25 0.171E-09 0.211E-07 0.515E-07 0.441E-06 0.162E+00 0.207E-02 0.125E-02 0.998E-03 0.949E-04 0.183E-03 0.846E-06 0.779E-04 0.101E-04 0.108E-04 0.657E-06 0.125E-08 0.584E-10 0.621E-06 0.140E-06
 61  0.10000E+04 2512.45 0.128E-07 0.834E+00 0.768E-03 0.333E-23 0.761E-09 0.151E-07 0.451E-06 0.422E-06 0.162E+00 0.186E-02 0.131E-02 0.117E-02 0.107E-03 0.184E-03 0.765E-06 0.777E-04 0.594E-04 0.106E-04 0.648E-06 0.123E-08 0.580E-10 0.519E-05 0.193E-06
