   25.000000000000000     
  1  0.10000E-05  207.63 0.450E-37 0.833E+00 0.450E-37 0.450E-37 0.450E-37 0.450E-37 0.450E-37 0.827E-28 0.163E+00 0.260E-02 0.147E-02 0.187E-33 0.434E-03 0.838E-07 0.450E-37 0.805E-04 0.450E-37 0.450E-37 0.450E-37 0.450E-37 0.450E-37 0.450E-37 0.450E-37
  2  0.14100E-05  205.16 0.450E-37 0.833E+00 0.450E-37 0.450E-37 0.450E-37 0.450E-37 0.450E-37 0.131E-28 0.163E+00 0.260E-02 0.147E-02 0.223E-34 0.435E-03 0.229E-07 0.450E-37 0.805E-04 0.450E-37 0.450E-37 0.450E-37 0.450E-37 0.450E-37 0.450E-37 0.450E-37
  3  0.20000E-05  203.08 0.450E-37 0.833E+00 0.450E-37 0.450E-37 0.450E-37 0.450E-37 0.450E-37 0.241E-29 0.163E+00 0.260E-02 0.147E-02 0.321E-35 0.435E-03 0.671E-08 0.450E-37 0.805E-04 0.450E-37 0.450E-37 0.450E-37 0.450E-37 0.450E-37 0.450E-37 0.450E-37
  4  0.28200E-05  201.29 0.450E-37 0.833E+00 0.450E-37 0.450E-37 0.450E-37 0.450E-37 0.450E-37 0.509E-30 0.163E+00 0.260E-02 0.147E-02 0.546E-36 0.435E-03 0.213E-08 0.450E-37 0.805E-04 0.450E-37 0.450E-37 0.450E-37 0.450E-37 0.450E-37 0.450E-37 0.450E-37
  5  0.39800E-05  199.64 0.450E-37 0.833E+00 0.450E-37 0.450E-37 0.450E-37 0.450E-37 0.450E-37 0.113E-30 0.163E+00 0.260E-02 0.147E-02 0.144E-36 0.435E-03 0.693E-09 0.450E-37 0.805E-04 0.450E-37 0.450E-37 0.450E-37 0.450E-37 0.450E-37 0.450E-37 0.450E-37
  6  0.56200E-05  198.16 0.450E-37 0.833E+00 0.450E-37 0.450E-37 0.450E-37 0.450E-37 0.450E-37 0.269E-31 0.163E+00 0.260E-02 0.147E-02 0.837E-37 0.435E-03 0.235E-09 0.450E-37 0.805E-04 0.450E-37 0.450E-37 0.450E-37 0.450E-37 0.450E-37 0.450E-37 0.450E-37
  7  0.79400E-05  196.98 0.450E-37 0.833E+00 0.450E-37 0.450E-37 0.450E-37 0.450E-37 0.450E-37 0.736E-32 0.163E+00 0.260E-02 0.147E-02 0.558E-37 0.435E-03 0.857E-10 0.450E-37 0.805E-04 0.450E-37 0.450E-37 0.450E-37 0.450E-37 0.450E-37 0.450E-37 0.450E-37
  8  0.11220E-04  195.97 0.450E-37 0.833E+00 0.450E-37 0.450E-37 0.450E-37 0.450E-37 0.450E-37 0.219E-32 0.163E+00 0.260E-02 0.147E-02 0.450E-37 0.435E-03 0.326E-10 0.450E-37 0.805E-04 0.450E-37 0.450E-37 0.450E-37 0.450E-37 0.450E-37 0.450E-37 0.450E-37
  9  0.15850E-04  195.20 0.450E-37 0.833E+00 0.450E-37 0.450E-37 0.450E-37 0.450E-37 0.450E-37 0.736E-33 0.163E+00 0.260E-02 0.147E-02 0.450E-37 0.435E-03 0.132E-10 0.450E-37 0.805E-04 0.450E-37 0.450E-37 0.450E-37 0.450E-37 0.450E-37 0.450E-37 0.450E-37
 10  0.22390E-04  194.88 0.450E-37 0.833E+00 0.450E-37 0.450E-37 0.450E-37 0.450E-37 0.450E-37 0.312E-33 0.163E+00 0.260E-02 0.147E-02 0.450E-37 0.435E-03 0.607E-11 0.450E-37 0.805E-04 0.450E-37 0.450E-37 0.450E-37 0.450E-37 0.450E-37 0.450E-37 0.450E-37
 11  0.31620E-04  194.82 0.450E-37 0.833E+00 0.450E-37 0.450E-37 0.450E-37 0.450E-37 0.450E-37 0.152E-33 0.163E+00 0.260E-02 0.147E-02 0.450E-37 0.435E-03 0.299E-11 0.450E-37 0.805E-04 0.450E-37 0.450E-37 0.450E-37 0.450E-37 0.450E-37 0.450E-37 0.450E-37
 12  0.44670E-04  194.77 0.450E-37 0.833E+00 0.450E-37 0.450E-37 0.450E-37 0.450E-37 0.450E-37 0.740E-34 0.163E+00 0.260E-02 0.147E-02 0.450E-37 0.435E-03 0.148E-11 0.450E-37 0.805E-04 0.450E-37 0.450E-37 0.450E-37 0.450E-37 0.450E-37 0.450E-37 0.450E-37
 13  0.63100E-04  194.47 0.450E-37 0.833E+00 0.450E-37 0.450E-37 0.450E-37 0.450E-37 0.450E-37 0.316E-34 0.163E+00 0.260E-02 0.147E-02 0.450E-37 0.435E-03 0.681E-12 0.450E-37 0.805E-04 0.450E-37 0.450E-37 0.450E-37 0.450E-37 0.450E-37 0.450E-37 0.450E-37
 14  0.89120E-04  193.49 0.450E-37 0.833E+00 0.450E-37 0.450E-37 0.450E-37 0.450E-37 0.450E-37 0.946E-35 0.163E+00 0.260E-02 0.147E-02 0.450E-37 0.435E-03 0.260E-12 0.450E-37 0.805E-04 0.450E-37 0.450E-37 0.450E-37 0.450E-37 0.450E-37 0.450E-37 0.450E-37
 15  0.12589E-03  192.03 0.450E-37 0.833E+00 0.450E-37 0.450E-37 0.450E-37 0.450E-37 0.450E-37 0.183E-35 0.163E+00 0.224E-02 0.147E-02 0.450E-37 0.435E-03 0.863E-13 0.450E-37 0.805E-04 0.450E-37 0.450E-37 0.450E-37 0.450E-37 0.450E-37 0.450E-37 0.450E-37
 16  0.17783E-03  190.61 0.451E-37 0.833E+00 0.451E-37 0.451E-37 0.451E-37 0.451E-37 0.451E-37 0.303E-36 0.163E+00 0.167E-02 0.148E-02 0.451E-37 0.435E-03 0.288E-13 0.451E-37 0.805E-04 0.451E-37 0.451E-37 0.451E-37 0.451E-37 0.451E-37 0.451E-37 0.451E-37
 17  0.25119E-03  189.60 0.451E-37 0.834E+00 0.451E-37 0.451E-37 0.451E-37 0.451E-37 0.451E-37 0.745E-37 0.163E+00 0.114E-02 0.148E-02 0.451E-37 0.435E-03 0.108E-13 0.451E-37 0.806E-04 0.451E-37 0.451E-37 0.451E-37 0.451E-37 0.451E-37 0.451E-37 0.451E-37
 18  0.35481E-03  188.94 0.451E-37 0.834E+00 0.451E-37 0.451E-37 0.451E-37 0.451E-37 0.451E-37 0.451E-37 0.163E+00 0.741E-03 0.148E-02 0.451E-37 0.435E-03 0.445E-14 0.451E-37 0.806E-04 0.451E-37 0.451E-37 0.451E-37 0.451E-37 0.451E-37 0.451E-37 0.451E-37
 19  0.50119E-03  188.31 0.451E-37 0.834E+00 0.451E-37 0.451E-37 0.451E-37 0.451E-37 0.451E-37 0.451E-37 0.163E+00 0.471E-03 0.148E-02 0.451E-37 0.436E-03 0.186E-14 0.451E-37 0.806E-04 0.451E-37 0.451E-37 0.451E-37 0.451E-37 0.451E-37 0.451E-37 0.451E-37
 20  0.70795E-03  187.58 0.451E-37 0.834E+00 0.451E-37 0.451E-37 0.451E-37 0.451E-37 0.451E-37 0.451E-37 0.163E+00 0.294E-03 0.148E-02 0.451E-37 0.436E-03 0.750E-15 0.451E-37 0.806E-04 0.451E-37 0.451E-37 0.451E-37 0.451E-37 0.451E-37 0.451E-37 0.451E-37
 21  0.10000E-02  186.66 0.451E-37 0.835E+00 0.451E-37 0.451E-37 0.451E-37 0.451E-37 0.451E-37 0.451E-37 0.163E+00 0.177E-03 0.148E-02 0.451E-37 0.436E-03 0.286E-15 0.451E-37 0.806E-04 0.451E-37 0.451E-37 0.451E-37 0.451E-37 0.451E-37 0.451E-37 0.451E-37
 22  0.14125E-02  185.57 0.451E-37 0.835E+00 0.451E-37 0.451E-37 0.451E-37 0.451E-37 0.451E-37 0.451E-37 0.163E+00 0.103E-03 0.148E-02 0.451E-37 0.436E-03 0.103E-15 0.451E-37 0.807E-04 0.451E-37 0.451E-37 0.451E-37 0.451E-37 0.451E-37 0.451E-37 0.451E-37
 23  0.19953E-02  184.46 0.451E-37 0.835E+00 0.451E-37 0.451E-37 0.451E-37 0.451E-37 0.451E-37 0.451E-37 0.163E+00 0.597E-04 0.148E-02 0.451E-37 0.436E-03 0.368E-16 0.451E-37 0.807E-04 0.451E-37 0.451E-37 0.451E-37 0.451E-37 0.451E-37 0.451E-37 0.451E-37
 24  0.28184E-02  183.61 0.451E-37 0.835E+00 0.451E-37 0.451E-37 0.451E-37 0.451E-37 0.451E-37 0.451E-37 0.163E+00 0.362E-04 0.148E-02 0.451E-37 0.436E-03 0.142E-16 0.451E-37 0.807E-04 0.451E-37 0.451E-37 0.451E-37 0.451E-37 0.451E-37 0.451E-37 0.451E-37
 25  0.39811E-02  183.21 0.451E-37 0.835E+00 0.451E-37 0.451E-37 0.451E-37 0.451E-37 0.451E-37 0.451E-37 0.163E+00 0.238E-04 0.148E-02 0.451E-37 0.436E-03 0.630E-17 0.451E-37 0.807E-04 0.451E-37 0.451E-37 0.451E-37 0.451E-37 0.451E-37 0.451E-37 0.451E-37
 26  0.56234E-02  183.46 0.451E-37 0.835E+00 0.451E-37 0.451E-37 0.451E-37 0.451E-37 0.451E-37 0.451E-37 0.163E+00 0.177E-04 0.148E-02 0.451E-37 0.436E-03 0.341E-17 0.451E-37 0.807E-04 0.451E-37 0.451E-37 0.451E-37 0.451E-37 0.451E-37 0.451E-37 0.451E-37
 27  0.79433E-02  184.33 0.451E-37 0.835E+00 0.451E-37 0.451E-37 0.451E-37 0.451E-37 0.451E-37 0.451E-37 0.163E+00 0.147E-04 0.148E-02 0.451E-37 0.436E-03 0.224E-17 0.451E-37 0.807E-04 0.451E-37 0.451E-37 0.451E-37 0.451E-37 0.451E-37 0.451E-37 0.451E-37
 28  0.11220E-01  185.38 0.451E-37 0.835E+00 0.451E-37 0.451E-37 0.451E-37 0.451E-37 0.451E-37 0.451E-37 0.163E+00 0.125E-04 0.148E-02 0.451E-37 0.436E-03 0.154E-17 0.451E-37 0.791E-04 0.451E-37 0.451E-37 0.451E-37 0.451E-37 0.451E-37 0.451E-37 0.451E-37
 29  0.15849E-01  185.97 0.452E-37 0.835E+00 0.452E-37 0.452E-37 0.452E-37 0.452E-37 0.452E-37 0.452E-37 0.163E+00 0.986E-05 0.148E-02 0.452E-37 0.436E-03 0.925E-18 0.452E-37 0.754E-04 0.452E-37 0.452E-37 0.452E-37 0.452E-37 0.452E-37 0.452E-37 0.452E-37
 30  0.22387E-01  186.27 0.452E-37 0.835E+00 0.452E-37 0.452E-37 0.452E-37 0.452E-37 0.452E-37 0.452E-37 0.163E+00 0.737E-05 0.148E-02 0.452E-37 0.436E-03 0.508E-18 0.452E-37 0.724E-04 0.452E-37 0.452E-37 0.452E-37 0.452E-37 0.452E-37 0.452E-37 0.452E-37
 31  0.31623E-01  187.03 0.452E-37 0.835E+00 0.452E-37 0.452E-37 0.452E-37 0.452E-37 0.452E-37 0.452E-37 0.163E+00 0.597E-05 0.148E-02 0.452E-37 0.436E-03 0.320E-18 0.452E-37 0.707E-04 0.452E-37 0.452E-37 0.452E-37 0.452E-37 0.452E-37 0.452E-37 0.452E-37
 32  0.44668E-01  188.46 0.452E-37 0.835E+00 0.452E-37 0.452E-37 0.452E-37 0.452E-37 0.452E-37 0.452E-37 0.163E+00 0.542E-05 0.148E-02 0.452E-37 0.436E-03 0.244E-18 0.452E-37 0.716E-04 0.452E-37 0.452E-37 0.452E-37 0.452E-37 0.452E-37 0.452E-37 0.452E-37
 33  0.63096E-01  190.49 0.452E-37 0.835E+00 0.452E-37 0.452E-37 0.452E-37 0.452E-37 0.452E-37 0.452E-37 0.163E+00 0.545E-05 0.148E-02 0.452E-37 0.436E-03 0.222E-18 0.452E-37 0.807E-04 0.452E-37 0.452E-37 0.452E-37 0.452E-37 0.452E-37 0.452E-37 0.452E-37
 34  0.89125E-01  193.38 0.452E-37 0.835E+00 0.452E-37 0.452E-37 0.452E-37 0.452E-37 0.452E-37 0.452E-37 0.163E+00 0.626E-05 0.148E-02 0.452E-37 0.436E-03 0.253E-18 0.452E-37 0.807E-04 0.452E-37 0.452E-37 0.452E-37 0.452E-37 0.452E-37 0.452E-37 0.452E-37
 35  0.12589E+00  198.03 0.452E-37 0.835E+00 0.452E-37 0.452E-37 0.452E-37 0.452E-37 0.452E-37 0.452E-37 0.163E+00 0.938E-05 0.148E-02 0.452E-37 0.436E-03 0.454E-18 0.452E-37 0.773E-04 0.452E-37 0.452E-37 0.452E-37 0.452E-37 0.452E-37 0.452E-37 0.452E-37
 36  0.17783E+00  204.70 0.452E-37 0.835E+00 0.452E-37 0.452E-37 0.452E-37 0.452E-37 0.452E-37 0.452E-37 0.163E+00 0.184E-04 0.148E-02 0.452E-37 0.436E-03 0.129E-17 0.452E-37 0.807E-04 0.452E-37 0.452E-37 0.452E-37 0.452E-37 0.452E-37 0.452E-37 0.452E-37
 37  0.25119E+00  223.19 0.451E-37 0.835E+00 0.451E-37 0.451E-37 0.451E-37 0.451E-37 0.451E-37 0.821E-37 0.163E+00 0.158E-03 0.148E-02 0.451E-37 0.436E-03 0.469E-16 0.451E-37 0.807E-04 0.451E-37 0.451E-37 0.451E-37 0.451E-37 0.451E-37 0.451E-37 0.451E-37
 38  0.35481E+00  248.48 0.451E-37 0.833E+00 0.451E-37 0.451E-37 0.451E-37 0.451E-37 0.451E-37 0.236E-32 0.163E+00 0.186E-02 0.148E-02 0.534E-36 0.435E-03 0.310E-14 0.451E-37 0.805E-04 0.451E-37 0.451E-37 0.451E-37 0.451E-37 0.451E-37 0.451E-37 0.451E-37
 39  0.50119E+00  276.27 0.450E-37 0.833E+00 0.450E-37 0.450E-37 0.450E-37 0.450E-37 0.450E-37 0.723E-29 0.163E+00 0.260E-02 0.147E-02 0.598E-32 0.435E-03 0.126E-12 0.251E-34 0.805E-04 0.450E-37 0.450E-37 0.450E-37 0.450E-37 0.450E-37 0.450E-37 0.450E-37
 40  0.70795E+00  306.84 0.450E-37 0.833E+00 0.319E-34 0.450E-37 0.450E-37 0.450E-37 0.450E-37 0.471E-26 0.163E+00 0.259E-02 0.147E-02 0.231E-28 0.434E-03 0.333E-11 0.203E-30 0.804E-04 0.450E-37 0.450E-37 0.450E-37 0.450E-37 0.450E-37 0.450E-37 0.450E-37
 41  0.10000E+01  340.53 0.450E-37 0.833E+00 0.127E-30 0.450E-37 0.450E-37 0.450E-37 0.450E-37 0.145E-23 0.163E+00 0.259E-02 0.147E-02 0.347E-25 0.434E-03 0.614E-10 0.514E-27 0.804E-04 0.450E-37 0.450E-37 0.450E-37 0.450E-37 0.450E-37 0.450E-37 0.450E-37
 42  0.14125E+01  377.73 0.450E-37 0.833E+00 0.212E-27 0.450E-37 0.450E-37 0.450E-37 0.450E-37 0.228E-21 0.163E+00 0.259E-02 0.147E-02 0.228E-22 0.434E-03 0.824E-09 0.568E-24 0.804E-04 0.450E-37 0.651E-36 0.450E-37 0.450E-37 0.450E-37 0.450E-37 0.450E-37
 43  0.19953E+01  418.87 0.450E-37 0.833E+00 0.167E-24 0.450E-37 0.450E-37 0.450E-37 0.450E-37 0.206E-19 0.163E+00 0.259E-02 0.147E-02 0.745E-20 0.434E-03 0.833E-08 0.304E-21 0.804E-04 0.450E-37 0.155E-25 0.113E-36 0.658E-36 0.352E-36 0.450E-37 0.450E-37
 44  0.28184E+01  464.39 0.450E-37 0.833E+00 0.665E-22 0.450E-37 0.450E-37 0.450E-37 0.450E-37 0.130E-17 0.163E+00 0.259E-02 0.147E-02 0.146E-17 0.434E-03 0.654E-07 0.853E-19 0.804E-04 0.450E-37 0.272E-22 0.277E-32 0.220E-31 0.103E-31 0.450E-37 0.450E-37
 45  0.39811E+01  514.81 0.619E-36 0.833E+00 0.145E-19 0.450E-37 0.450E-37 0.450E-37 0.450E-37 0.542E-16 0.163E+00 0.259E-02 0.147E-02 0.167E-15 0.431E-03 0.404E-06 0.134E-16 0.804E-04 0.173E-34 0.214E-19 0.923E-28 0.575E-27 0.288E-27 0.145E-36 0.249E-36
 46  0.56234E+01  570.63 0.215E-32 0.833E+00 0.184E-17 0.450E-37 0.450E-37 0.450E-37 0.450E-37 0.152E-14 0.163E+00 0.259E-02 0.147E-02 0.116E-13 0.426E-03 0.199E-05 0.126E-14 0.804E-04 0.161E-30 0.833E-17 0.106E-23 0.533E-23 0.283E-23 0.585E-35 0.604E-34
 47  0.79433E+01  632.44 0.110E-28 0.833E+00 0.144E-15 0.450E-37 0.450E-37 0.450E-37 0.450E-37 0.303E-13 0.163E+00 0.259E-02 0.147E-02 0.513E-12 0.404E-03 0.746E-05 0.741E-13 0.804E-04 0.581E-27 0.169E-14 0.567E-20 0.233E-19 0.205E-20 0.311E-31 0.298E-30
 48  0.10000E+02  677.24 0.238E-26 0.833E+00 0.205E-14 0.450E-37 0.237E-35 0.432E-36 0.450E-37 0.186E-12 0.163E+00 0.259E-02 0.147E-02 0.509E-11 0.388E-03 0.161E-04 0.888E-12 0.804E-04 0.843E-25 0.420E-13 0.120E-17 0.314E-17 0.719E-19 0.760E-29 0.639E-28
 49  0.15849E+02  776.39 0.413E-22 0.833E+00 0.242E-12 0.450E-37 0.555E-30 0.909E-32 0.254E-35 0.470E-11 0.163E+00 0.259E-02 0.147E-02 0.302E-09 0.307E-03 0.443E-04 0.773E-10 0.804E-04 0.625E-21 0.128E-10 0.242E-13 0.497E-14 0.249E-16 0.149E-24 0.983E-24
 50  0.22387E+02  859.71 0.449E-19 0.833E+00 0.564E-11 0.450E-37 0.516E-26 0.745E-28 0.152E-31 0.384E-10 0.163E+00 0.259E-02 0.147E-02 0.428E-08 0.248E-03 0.731E-04 0.147E-08 0.804E-04 0.214E-18 0.530E-09 0.183E-10 0.229E-12 0.138E-14 0.994E-22 0.561E-21
 51  0.31623E+02  951.39 0.156E-16 0.833E+00 0.942E-10 0.450E-37 0.123E-22 0.229E-24 0.142E-27 0.243E-09 0.163E+00 0.259E-02 0.147E-02 0.438E-07 0.203E-03 0.106E-03 0.207E-07 0.804E-04 0.383E-16 0.142E-07 0.239E-08 0.627E-11 0.467E-13 0.331E-19 0.163E-18
 52  0.44668E+02 1051.95 0.134E-14 0.833E+00 0.116E-08 0.450E-37 0.594E-20 0.287E-21 0.480E-24 0.121E-08 0.163E+00 0.259E-02 0.147E-02 0.332E-06 0.157E-03 0.121E-03 0.211E-06 0.807E-04 0.375E-14 0.255E-06 0.479E-07 0.803E-10 0.772E-12 0.578E-17 0.134E-16
 53  0.63096E+02 1161.90 0.357E-13 0.833E+00 0.109E-07 0.450E-37 0.745E-18 0.160E-18 0.649E-21 0.480E-08 0.163E+00 0.259E-02 0.147E-02 0.190E-05 0.131E-03 0.140E-03 0.108E-05 0.829E-04 0.211E-12 0.286E-05 0.216E-06 0.392E-09 0.555E-11 0.561E-15 0.943E-15
 54  0.89125E+02 1281.69 0.441E-12 0.833E+00 0.797E-07 0.450E-37 0.369E-16 0.429E-16 0.384E-18 0.154E-07 0.163E+00 0.258E-02 0.146E-02 0.839E-05 0.114E-03 0.157E-03 0.162E-05 0.857E-04 0.727E-11 0.929E-05 0.392E-06 0.737E-09 0.147E-10 0.323E-13 0.761E-13
 55  0.12589E+03 1411.77 0.332E-11 0.833E+00 0.465E-06 0.450E-37 0.960E-15 0.599E-14 0.108E-15 0.398E-07 0.163E+00 0.255E-02 0.143E-02 0.288E-04 0.100E-03 0.161E-03 0.156E-05 0.863E-04 0.163E-09 0.106E-04 0.459E-06 0.863E-09 0.209E-10 0.117E-11 0.324E-11
 56  0.17783E+03 1552.60 0.192E-10 0.833E+00 0.222E-05 0.450E-37 0.168E-13 0.471E-12 0.159E-13 0.783E-07 0.163E+00 0.246E-02 0.134E-02 0.743E-04 0.924E-04 0.163E-03 0.144E-05 0.862E-04 0.249E-08 0.107E-04 0.513E-06 0.966E-09 0.279E-10 0.284E-10 0.821E-10
 57  0.25119E+03 1704.57 0.912E-10 0.833E+00 0.887E-05 0.965E-36 0.216E-12 0.220E-10 0.129E-11 0.133E-06 0.163E+00 0.239E-02 0.126E-02 0.159E-03 0.900E-04 0.169E-03 0.131E-05 0.861E-04 0.271E-07 0.108E-04 0.571E-06 0.108E-08 0.372E-10 0.476E-09 0.136E-08
 58  0.35481E+03 1868.17 0.361E-09 0.833E+00 0.302E-04 0.245E-32 0.208E-11 0.640E-09 0.511E-10 0.212E-06 0.162E+00 0.234E-02 0.125E-02 0.308E-03 0.912E-04 0.174E-03 0.117E-05 0.859E-04 0.210E-06 0.109E-04 0.621E-06 0.118E-08 0.472E-10 0.556E-08 0.160E-07
 59  0.50119E+03 2043.83 0.120E-08 0.834E+00 0.890E-04 0.273E-29 0.155E-10 0.102E-07 0.125E-08 0.302E-06 0.162E+00 0.220E-02 0.138E-02 0.543E-03 0.958E-04 0.178E-03 0.104E-05 0.851E-04 0.118E-05 0.109E-04 0.649E-06 0.124E-08 0.546E-10 0.464E-07 0.921E-07
 60  0.70795E+03 2231.90 0.346E-08 0.834E+00 0.231E-03 0.146E-26 0.911E-10 0.223E-07 0.181E-07 0.398E-06 0.162E+00 0.210E-02 0.153E-02 0.850E-03 0.104E-03 0.180E-03 0.924E-06 0.798E-04 0.524E-05 0.108E-04 0.655E-06 0.125E-08 0.577E-10 0.299E-06 0.131E-06
 61  0.10000E+04 2432.65 0.869E-08 0.834E+00 0.537E-03 0.404E-24 0.438E-09 0.175E-07 0.341E-06 0.430E-06 0.162E+00 0.196E-02 0.164E-02 0.110E-02 0.116E-03 0.182E-03 0.840E-06 0.781E-04 0.240E-04 0.107E-04 0.649E-06 0.124E-08 0.585E-10 0.196E-05 0.183E-06
