   25.000000000000000     
  1  0.10000E-05  282.29 0.450E-37 0.833E+00 0.159E-34 0.450E-37 0.450E-37 0.450E-37 0.450E-37 0.773E-17 0.163E+00 0.249E-02 0.147E-02 0.976E-20 0.230E-04 0.205E-03 0.510E-37 0.804E-04 0.450E-37 0.450E-37 0.450E-37 0.450E-37 0.450E-37 0.450E-37 0.450E-37
  2  0.14100E-05  278.80 0.450E-37 0.833E+00 0.420E-35 0.450E-37 0.450E-37 0.450E-37 0.450E-37 0.165E-17 0.163E+00 0.252E-02 0.147E-02 0.165E-20 0.402E-04 0.194E-03 0.450E-37 0.804E-04 0.450E-37 0.450E-37 0.450E-37 0.450E-37 0.450E-37 0.450E-37 0.450E-37
  3  0.20000E-05  274.81 0.450E-37 0.833E+00 0.902E-36 0.450E-37 0.450E-37 0.450E-37 0.450E-37 0.300E-18 0.163E+00 0.255E-02 0.147E-02 0.229E-21 0.722E-04 0.176E-03 0.450E-37 0.804E-04 0.450E-37 0.450E-37 0.450E-37 0.450E-37 0.450E-37 0.450E-37 0.450E-37
  4  0.28200E-05  271.54 0.450E-37 0.833E+00 0.241E-36 0.450E-37 0.450E-37 0.450E-37 0.450E-37 0.643E-19 0.163E+00 0.258E-02 0.147E-02 0.392E-22 0.121E-03 0.155E-03 0.450E-37 0.804E-04 0.450E-37 0.450E-37 0.450E-37 0.450E-37 0.450E-37 0.450E-37 0.450E-37
  5  0.39800E-05  269.10 0.450E-37 0.833E+00 0.108E-36 0.450E-37 0.450E-37 0.450E-37 0.450E-37 0.167E-19 0.163E+00 0.259E-02 0.147E-02 0.862E-23 0.176E-03 0.115E-03 0.450E-37 0.804E-04 0.450E-37 0.450E-37 0.450E-37 0.450E-37 0.450E-37 0.450E-37 0.450E-37
  6  0.56200E-05  267.70 0.450E-37 0.833E+00 0.827E-37 0.450E-37 0.450E-37 0.450E-37 0.450E-37 0.571E-20 0.163E+00 0.259E-02 0.147E-02 0.267E-23 0.231E-03 0.798E-04 0.450E-37 0.804E-04 0.450E-37 0.450E-37 0.450E-37 0.450E-37 0.450E-37 0.450E-37 0.450E-37
  7  0.79400E-05  267.57 0.450E-37 0.833E+00 0.717E-37 0.450E-37 0.450E-37 0.450E-37 0.450E-37 0.277E-20 0.163E+00 0.259E-02 0.147E-02 0.128E-23 0.285E-03 0.595E-04 0.450E-37 0.804E-04 0.450E-37 0.450E-37 0.450E-37 0.450E-37 0.450E-37 0.450E-37 0.450E-37
  8  0.11220E-04  268.85 0.450E-37 0.833E+00 0.667E-37 0.450E-37 0.450E-37 0.450E-37 0.450E-37 0.197E-20 0.163E+00 0.259E-02 0.147E-02 0.997E-24 0.325E-03 0.472E-04 0.450E-37 0.805E-04 0.450E-37 0.450E-37 0.450E-37 0.450E-37 0.450E-37 0.450E-37 0.450E-37
  9  0.15850E-04  270.86 0.450E-37 0.833E+00 0.813E-37 0.450E-37 0.450E-37 0.450E-37 0.450E-37 0.171E-20 0.163E+00 0.259E-02 0.147E-02 0.992E-24 0.339E-03 0.347E-04 0.450E-37 0.805E-04 0.450E-37 0.450E-37 0.450E-37 0.450E-37 0.450E-37 0.450E-37 0.450E-37
 10  0.22390E-04  273.17 0.450E-37 0.833E+00 0.154E-36 0.450E-37 0.450E-37 0.450E-37 0.450E-37 0.160E-20 0.163E+00 0.259E-02 0.147E-02 0.108E-23 0.358E-03 0.273E-04 0.450E-37 0.805E-04 0.450E-37 0.450E-37 0.450E-37 0.450E-37 0.450E-37 0.450E-37 0.450E-37
 11  0.31620E-04  275.59 0.450E-37 0.833E+00 0.297E-36 0.450E-37 0.450E-37 0.450E-37 0.450E-37 0.152E-20 0.163E+00 0.259E-02 0.147E-02 0.120E-23 0.386E-03 0.226E-04 0.460E-37 0.805E-04 0.450E-37 0.450E-37 0.450E-37 0.450E-37 0.450E-37 0.450E-37 0.450E-37
 12  0.44670E-04  277.42 0.450E-37 0.833E+00 0.467E-36 0.450E-37 0.450E-37 0.450E-37 0.450E-37 0.123E-20 0.163E+00 0.260E-02 0.147E-02 0.109E-23 0.389E-03 0.149E-04 0.557E-37 0.805E-04 0.450E-37 0.450E-37 0.450E-37 0.450E-37 0.450E-37 0.450E-37 0.450E-37
 13  0.63100E-04  278.65 0.450E-37 0.833E+00 0.597E-36 0.450E-37 0.450E-37 0.450E-37 0.450E-37 0.844E-21 0.163E+00 0.260E-02 0.147E-02 0.813E-24 0.401E-03 0.946E-05 0.753E-37 0.805E-04 0.450E-37 0.450E-37 0.450E-37 0.450E-37 0.450E-37 0.450E-37 0.450E-37
 14  0.89120E-04  279.47 0.450E-37 0.833E+00 0.662E-36 0.450E-37 0.450E-37 0.450E-37 0.450E-37 0.521E-21 0.163E+00 0.260E-02 0.147E-02 0.529E-24 0.418E-03 0.579E-05 0.107E-36 0.805E-04 0.450E-37 0.450E-37 0.450E-37 0.450E-37 0.450E-37 0.450E-37 0.450E-37
 15  0.12589E-03  279.74 0.450E-37 0.833E+00 0.611E-36 0.450E-37 0.450E-37 0.450E-37 0.450E-37 0.280E-21 0.163E+00 0.260E-02 0.147E-02 0.289E-24 0.427E-03 0.314E-05 0.145E-36 0.805E-04 0.450E-37 0.450E-37 0.450E-37 0.450E-37 0.450E-37 0.450E-37 0.450E-37
 16  0.17783E-03  279.36 0.450E-37 0.833E+00 0.452E-36 0.450E-37 0.450E-37 0.450E-37 0.450E-37 0.127E-21 0.163E+00 0.260E-02 0.147E-02 0.128E-24 0.430E-03 0.151E-05 0.169E-36 0.805E-04 0.450E-37 0.450E-37 0.450E-37 0.450E-37 0.450E-37 0.450E-37 0.450E-37
 17  0.25119E-03  278.31 0.450E-37 0.833E+00 0.267E-36 0.450E-37 0.450E-37 0.450E-37 0.450E-37 0.488E-22 0.163E+00 0.260E-02 0.147E-02 0.460E-25 0.432E-03 0.662E-06 0.159E-36 0.805E-04 0.450E-37 0.450E-37 0.450E-37 0.450E-37 0.450E-37 0.450E-37 0.450E-37
 18  0.35481E-03  276.31 0.450E-37 0.833E+00 0.114E-36 0.450E-37 0.450E-37 0.450E-37 0.450E-37 0.146E-22 0.163E+00 0.260E-02 0.147E-02 0.121E-25 0.434E-03 0.252E-06 0.109E-36 0.805E-04 0.450E-37 0.450E-37 0.450E-37 0.450E-37 0.450E-37 0.450E-37 0.450E-37
 19  0.50119E-03  273.68 0.450E-37 0.833E+00 0.570E-37 0.450E-37 0.450E-37 0.450E-37 0.450E-37 0.366E-23 0.163E+00 0.260E-02 0.147E-02 0.255E-26 0.434E-03 0.863E-07 0.777E-37 0.805E-04 0.450E-37 0.450E-37 0.450E-37 0.450E-37 0.450E-37 0.450E-37 0.450E-37
 20  0.70795E-03  270.48 0.450E-37 0.833E+00 0.457E-37 0.450E-37 0.450E-37 0.450E-37 0.450E-37 0.775E-24 0.163E+00 0.260E-02 0.147E-02 0.437E-27 0.435E-03 0.270E-07 0.496E-37 0.805E-04 0.450E-37 0.450E-37 0.450E-37 0.450E-37 0.450E-37 0.450E-37 0.450E-37
 21  0.10000E-02  266.88 0.450E-37 0.833E+00 0.450E-37 0.450E-37 0.450E-37 0.450E-37 0.450E-37 0.144E-24 0.163E+00 0.260E-02 0.147E-02 0.635E-28 0.435E-03 0.787E-08 0.450E-37 0.805E-04 0.450E-37 0.450E-37 0.450E-37 0.450E-37 0.450E-37 0.450E-37 0.450E-37
 22  0.14125E-02  263.54 0.450E-37 0.833E+00 0.450E-37 0.450E-37 0.450E-37 0.450E-37 0.450E-37 0.281E-25 0.163E+00 0.260E-02 0.147E-02 0.981E-29 0.435E-03 0.236E-08 0.476E-37 0.805E-04 0.450E-37 0.450E-37 0.450E-37 0.450E-37 0.450E-37 0.450E-37 0.450E-37
 23  0.19953E-02  261.01 0.450E-37 0.833E+00 0.450E-37 0.450E-37 0.450E-37 0.450E-37 0.450E-37 0.676E-26 0.163E+00 0.260E-02 0.147E-02 0.197E-29 0.435E-03 0.791E-09 0.465E-37 0.805E-04 0.450E-37 0.450E-37 0.450E-37 0.450E-37 0.450E-37 0.450E-37 0.450E-37
 24  0.28184E-02  259.45 0.450E-37 0.833E+00 0.450E-37 0.450E-37 0.450E-37 0.450E-37 0.450E-37 0.214E-26 0.163E+00 0.260E-02 0.147E-02 0.557E-30 0.435E-03 0.309E-09 0.450E-37 0.805E-04 0.450E-37 0.450E-37 0.450E-37 0.450E-37 0.450E-37 0.450E-37 0.450E-37
 25  0.39811E-02  258.75 0.450E-37 0.833E+00 0.450E-37 0.450E-37 0.450E-37 0.450E-37 0.450E-37 0.874E-27 0.163E+00 0.260E-02 0.147E-02 0.216E-30 0.435E-03 0.138E-09 0.450E-37 0.805E-04 0.450E-37 0.450E-37 0.450E-37 0.450E-37 0.450E-37 0.450E-37 0.450E-37
 26  0.56234E-02  258.91 0.450E-37 0.833E+00 0.450E-37 0.450E-37 0.450E-37 0.450E-37 0.450E-37 0.459E-27 0.163E+00 0.260E-02 0.147E-02 0.115E-30 0.435E-03 0.712E-10 0.450E-37 0.805E-04 0.450E-37 0.450E-37 0.450E-37 0.450E-37 0.450E-37 0.450E-37 0.450E-37
 27  0.79433E-02  260.32 0.450E-37 0.833E+00 0.450E-37 0.450E-37 0.450E-37 0.450E-37 0.450E-37 0.348E-27 0.163E+00 0.260E-02 0.147E-02 0.965E-31 0.435E-03 0.447E-10 0.469E-37 0.805E-04 0.450E-37 0.450E-37 0.450E-37 0.450E-37 0.450E-37 0.450E-37 0.450E-37
 28  0.11220E-01  263.28 0.450E-37 0.833E+00 0.450E-37 0.450E-37 0.450E-37 0.450E-37 0.450E-37 0.413E-27 0.163E+00 0.260E-02 0.147E-02 0.141E-30 0.435E-03 0.358E-10 0.741E-37 0.805E-04 0.450E-37 0.450E-37 0.450E-37 0.450E-37 0.450E-37 0.450E-37 0.450E-37
 29  0.15849E-01  267.45 0.450E-37 0.833E+00 0.450E-37 0.450E-37 0.450E-37 0.450E-37 0.450E-37 0.673E-27 0.163E+00 0.260E-02 0.147E-02 0.309E-30 0.435E-03 0.342E-10 0.166E-36 0.805E-04 0.450E-37 0.450E-37 0.450E-37 0.450E-37 0.450E-37 0.450E-37 0.450E-37
 30  0.22387E-01  272.81 0.450E-37 0.833E+00 0.450E-37 0.450E-37 0.450E-37 0.450E-37 0.450E-37 0.145E-26 0.163E+00 0.260E-02 0.147E-02 0.958E-30 0.435E-03 0.381E-10 0.819E-36 0.805E-04 0.450E-37 0.450E-37 0.450E-37 0.450E-37 0.450E-37 0.450E-37 0.450E-37
 31  0.31623E-01  279.88 0.450E-37 0.833E+00 0.450E-37 0.450E-37 0.450E-37 0.450E-37 0.450E-37 0.460E-26 0.163E+00 0.260E-02 0.147E-02 0.478E-29 0.435E-03 0.526E-10 0.952E-35 0.805E-04 0.450E-37 0.450E-37 0.450E-37 0.450E-37 0.450E-37 0.450E-37 0.450E-37
 32  0.44668E-01  288.95 0.450E-37 0.833E+00 0.657E-36 0.450E-37 0.450E-37 0.450E-37 0.450E-37 0.215E-25 0.163E+00 0.260E-02 0.147E-02 0.389E-28 0.435E-03 0.903E-10 0.175E-33 0.805E-04 0.450E-37 0.450E-37 0.450E-37 0.450E-37 0.450E-37 0.450E-37 0.450E-37
 33  0.63096E-01  300.82 0.450E-37 0.833E+00 0.194E-34 0.450E-37 0.450E-37 0.450E-37 0.450E-37 0.162E-24 0.163E+00 0.259E-02 0.147E-02 0.577E-27 0.434E-03 0.204E-09 0.712E-32 0.804E-04 0.450E-37 0.450E-37 0.450E-37 0.450E-37 0.450E-37 0.450E-37 0.450E-37
 34  0.89125E-01  317.48 0.450E-37 0.833E+00 0.158E-32 0.450E-37 0.450E-37 0.450E-37 0.450E-37 0.262E-23 0.163E+00 0.259E-02 0.147E-02 0.220E-25 0.434E-03 0.708E-09 0.562E-30 0.804E-04 0.450E-37 0.450E-37 0.450E-37 0.450E-37 0.450E-37 0.450E-37 0.450E-37
 35  0.12589E+00  341.98 0.450E-37 0.833E+00 0.497E-30 0.450E-37 0.450E-37 0.450E-37 0.450E-37 0.117E-21 0.163E+00 0.259E-02 0.147E-02 0.299E-23 0.434E-03 0.446E-08 0.145E-27 0.804E-04 0.450E-37 0.450E-37 0.450E-37 0.450E-37 0.450E-37 0.450E-37 0.450E-37
 36  0.17783E+00  379.34 0.450E-37 0.833E+00 0.806E-27 0.450E-37 0.450E-37 0.450E-37 0.450E-37 0.179E-19 0.163E+00 0.259E-02 0.147E-02 0.190E-20 0.434E-03 0.591E-07 0.156E-24 0.804E-04 0.450E-37 0.456E-35 0.450E-37 0.471E-37 0.450E-37 0.450E-37 0.450E-37
 37  0.25119E+00  420.65 0.450E-37 0.833E+00 0.613E-24 0.450E-37 0.450E-37 0.450E-37 0.450E-37 0.160E-17 0.163E+00 0.259E-02 0.147E-02 0.608E-18 0.432E-03 0.586E-06 0.812E-22 0.804E-04 0.450E-37 0.172E-24 0.165E-35 0.114E-34 0.567E-35 0.450E-37 0.450E-37
 38  0.35481E+00  466.37 0.450E-37 0.833E+00 0.238E-21 0.450E-37 0.450E-37 0.450E-37 0.450E-37 0.993E-16 0.163E+00 0.259E-02 0.147E-02 0.116E-15 0.422E-03 0.434E-05 0.222E-19 0.804E-04 0.571E-37 0.292E-21 0.100E-30 0.785E-30 0.370E-30 0.450E-37 0.450E-37
 39  0.50119E+00  516.99 0.263E-35 0.833E+00 0.509E-19 0.450E-37 0.450E-37 0.450E-37 0.450E-37 0.407E-14 0.163E+00 0.259E-02 0.147E-02 0.130E-13 0.347E-03 0.183E-04 0.340E-17 0.804E-04 0.208E-33 0.224E-18 0.338E-26 0.208E-25 0.914E-26 0.222E-36 0.413E-36
 40  0.70795E+00  573.06 0.642E-31 0.833E+00 0.632E-17 0.450E-37 0.450E-37 0.450E-37 0.450E-37 0.112E-12 0.163E+00 0.259E-02 0.147E-02 0.883E-12 0.282E-03 0.599E-04 0.315E-15 0.804E-04 0.185E-29 0.846E-16 0.411E-22 0.204E-21 0.837E-22 0.186E-34 0.206E-33
 41  0.10000E+01  635.11 0.294E-27 0.833E+00 0.484E-15 0.450E-37 0.987E-37 0.450E-37 0.450E-37 0.221E-11 0.163E+00 0.259E-02 0.147E-02 0.385E-10 0.188E-03 0.111E-03 0.182E-13 0.804E-04 0.643E-26 0.167E-13 0.283E-18 0.116E-17 0.171E-19 0.125E-30 0.119E-29
 42  0.14125E+01  703.77 0.802E-24 0.833E+00 0.238E-13 0.450E-37 0.390E-33 0.140E-34 0.450E-37 0.314E-10 0.163E+00 0.259E-02 0.147E-02 0.111E-08 0.115E-03 0.144E-03 0.696E-12 0.804E-04 0.951E-23 0.185E-11 0.103E-14 0.441E-15 0.228E-17 0.401E-27 0.314E-26
 43  0.19953E+01  779.64 0.178E-20 0.833E+00 0.787E-12 0.450E-37 0.923E-29 0.108E-30 0.152E-34 0.333E-09 0.163E+00 0.259E-02 0.147E-02 0.220E-07 0.737E-04 0.172E-03 0.184E-10 0.804E-04 0.648E-20 0.122E-09 0.181E-11 0.420E-13 0.206E-15 0.559E-24 0.367E-23
 44  0.28184E+01  863.29 0.152E-17 0.833E+00 0.181E-10 0.450E-37 0.668E-25 0.850E-27 0.182E-30 0.270E-08 0.163E+00 0.259E-02 0.147E-02 0.307E-06 0.488E-04 0.190E-03 0.346E-09 0.804E-04 0.216E-17 0.493E-08 0.581E-09 0.194E-11 0.119E-13 0.363E-21 0.203E-20
 45  0.39811E+01  927.02 0.687E-16 0.833E+00 0.127E-09 0.450E-37 0.125E-22 0.232E-24 0.109E-27 0.811E-08 0.163E+00 0.259E-02 0.147E-02 0.130E-05 0.412E-04 0.192E-03 0.245E-08 0.805E-04 0.781E-16 0.461E-07 0.107E-07 0.172E-10 0.125E-12 0.214E-19 0.109E-18
 46  0.56234E+01  965.97 0.334E-15 0.833E+00 0.341E-09 0.450E-37 0.142E-21 0.420E-23 0.305E-26 0.109E-07 0.163E+00 0.258E-02 0.147E-02 0.211E-05 0.434E-04 0.190E-03 0.799E-08 0.805E-04 0.471E-15 0.133E-06 0.277E-07 0.452E-10 0.363E-12 0.183E-18 0.880E-18
 47  0.79433E+01 1002.28 0.127E-14 0.833E+00 0.782E-09 0.450E-37 0.116E-20 0.488E-22 0.514E-25 0.128E-07 0.163E+00 0.259E-02 0.147E-02 0.291E-05 0.480E-04 0.191E-03 0.228E-07 0.806E-04 0.211E-14 0.316E-06 0.623E-07 0.103E-09 0.896E-12 0.113E-17 0.507E-17
 48  0.10000E+02 1025.71 0.249E-14 0.833E+00 0.128E-08 0.450E-37 0.360E-20 0.211E-21 0.278E-24 0.137E-07 0.163E+00 0.258E-02 0.147E-02 0.340E-05 0.519E-04 0.190E-03 0.435E-07 0.811E-04 0.511E-14 0.520E-06 0.825E-07 0.139E-09 0.134E-11 0.337E-17 0.110E-16
 49  0.15849E+02 1070.49 0.803E-14 0.833E+00 0.303E-08 0.450E-37 0.274E-19 0.275E-20 0.543E-23 0.138E-07 0.163E+00 0.258E-02 0.146E-02 0.408E-05 0.610E-04 0.180E-03 0.141E-06 0.815E-04 0.236E-13 0.121E-05 0.139E-06 0.241E-09 0.272E-11 0.232E-16 0.426E-16
 50  0.22387E+02 1110.66 0.220E-13 0.833E+00 0.631E-08 0.450E-37 0.150E-18 0.239E-19 0.658E-22 0.150E-07 0.163E+00 0.258E-02 0.146E-02 0.510E-05 0.685E-04 0.179E-03 0.353E-06 0.820E-04 0.867E-13 0.233E-05 0.214E-06 0.381E-09 0.481E-11 0.116E-15 0.158E-15
 51  0.31623E+02 1162.41 0.677E-13 0.833E+00 0.156E-07 0.450E-37 0.101E-17 0.328E-18 0.134E-20 0.191E-07 0.163E+00 0.258E-02 0.146E-02 0.759E-05 0.736E-04 0.177E-03 0.849E-06 0.843E-04 0.428E-12 0.500E-05 0.292E-06 0.534E-09 0.834E-11 0.808E-15 0.136E-14
 52  0.44668E+02 1227.97 0.246E-12 0.833E+00 0.449E-07 0.450E-37 0.873E-17 0.694E-17 0.445E-19 0.271E-07 0.163E+00 0.257E-02 0.144E-02 0.130E-04 0.752E-04 0.172E-03 0.145E-05 0.855E-04 0.280E-11 0.880E-05 0.386E-06 0.721E-09 0.135E-10 0.760E-14 0.159E-13
 53  0.63096E+02 1305.49 0.895E-12 0.833E+00 0.139E-06 0.450E-37 0.779E-16 0.174E-15 0.179E-17 0.407E-07 0.163E+00 0.255E-02 0.142E-02 0.238E-04 0.768E-04 0.172E-03 0.160E-05 0.863E-04 0.204E-10 0.106E-04 0.435E-06 0.816E-09 0.176E-10 0.808E-13 0.200E-12
 54  0.89125E+02 1395.52 0.328E-11 0.833E+00 0.443E-06 0.450E-37 0.706E-15 0.465E-14 0.776E-16 0.631E-07 0.163E+00 0.253E-02 0.141E-02 0.447E-04 0.784E-04 0.176E-03 0.155E-05 0.863E-04 0.155E-09 0.106E-04 0.468E-06 0.877E-09 0.212E-10 0.906E-12 0.248E-11
 55  0.12589E+03 1499.91 0.121E-10 0.833E+00 0.143E-05 0.450E-37 0.641E-14 0.127E-12 0.346E-14 0.956E-07 0.163E+00 0.249E-02 0.137E-02 0.829E-04 0.784E-04 0.173E-03 0.147E-05 0.862E-04 0.120E-08 0.107E-04 0.504E-06 0.946E-09 0.259E-10 0.104E-10 0.298E-10
 56  0.17783E+03 1620.87 0.445E-10 0.833E+00 0.464E-05 0.890E-37 0.576E-13 0.345E-11 0.152E-12 0.128E-06 0.162E+00 0.238E-02 0.125E-02 0.139E-03 0.788E-04 0.171E-03 0.137E-05 0.862E-04 0.909E-08 0.108E-04 0.548E-06 0.103E-08 0.328E-10 0.117E-09 0.338E-09
 57  0.25119E+03 1763.33 0.167E-09 0.833E+00 0.151E-04 0.213E-34 0.520E-12 0.921E-10 0.614E-11 0.178E-06 0.162E+00 0.229E-02 0.115E-02 0.237E-03 0.800E-04 0.174E-03 0.123E-05 0.860E-04 0.683E-07 0.109E-04 0.598E-06 0.114E-08 0.419E-10 0.131E-08 0.369E-08
 58  0.35481E+03 1931.32 0.617E-09 0.833E+00 0.486E-04 0.397E-31 0.453E-11 0.236E-08 0.201E-09 0.262E-06 0.162E+00 0.222E-02 0.114E-02 0.425E-03 0.821E-04 0.178E-03 0.109E-05 0.856E-04 0.463E-06 0.110E-04 0.640E-06 0.122E-08 0.513E-10 0.134E-07 0.361E-07
 59  0.50119E+03 2111.51 0.194E-08 0.834E+00 0.137E-03 0.336E-28 0.307E-10 0.174E-07 0.413E-08 0.347E-06 0.162E+00 0.208E-02 0.123E-02 0.690E-03 0.870E-04 0.181E-03 0.955E-06 0.823E-04 0.238E-05 0.109E-04 0.657E-06 0.126E-08 0.567E-10 0.101E-06 0.990E-07
 60  0.70795E+03 2304.09 0.527E-08 0.834E+00 0.340E-03 0.139E-25 0.167E-09 0.212E-07 0.489E-07 0.442E-06 0.162E+00 0.208E-02 0.126E-02 0.995E-03 0.952E-04 0.183E-03 0.849E-06 0.779E-04 0.980E-05 0.108E-04 0.657E-06 0.125E-08 0.584E-10 0.601E-06 0.140E-06
 61  0.10000E+04 2509.18 0.126E-07 0.834E+00 0.757E-03 0.307E-23 0.744E-09 0.152E-07 0.452E-06 0.422E-06 0.162E+00 0.187E-02 0.133E-02 0.117E-02 0.107E-03 0.184E-03 0.768E-06 0.778E-04 0.572E-04 0.106E-04 0.648E-06 0.123E-08 0.580E-10 0.498E-05 0.192E-06
