   25.000000000000000     
  1  0.10000E-05  244.30 0.450E-37 0.833E+00 0.450E-37 0.450E-37 0.450E-37 0.450E-37 0.450E-37 0.146E-21 0.163E+00 0.259E-02 0.147E-02 0.117E-25 0.270E-03 0.719E-04 0.450E-37 0.804E-04 0.450E-37 0.450E-37 0.450E-37 0.450E-37 0.450E-37 0.450E-37 0.450E-37
  2  0.14100E-05  240.83 0.450E-37 0.833E+00 0.450E-37 0.450E-37 0.450E-37 0.450E-37 0.450E-37 0.228E-22 0.163E+00 0.259E-02 0.147E-02 0.136E-26 0.347E-03 0.316E-04 0.450E-37 0.805E-04 0.450E-37 0.450E-37 0.450E-37 0.450E-37 0.450E-37 0.450E-37 0.450E-37
  3  0.20000E-05  238.20 0.450E-37 0.833E+00 0.450E-37 0.450E-37 0.450E-37 0.450E-37 0.450E-37 0.455E-23 0.163E+00 0.260E-02 0.147E-02 0.217E-27 0.391E-03 0.122E-04 0.450E-37 0.805E-04 0.450E-37 0.450E-37 0.450E-37 0.450E-37 0.450E-37 0.450E-37 0.450E-37
  4  0.28200E-05  236.94 0.450E-37 0.833E+00 0.450E-37 0.450E-37 0.450E-37 0.450E-37 0.450E-37 0.147E-23 0.163E+00 0.260E-02 0.147E-02 0.626E-28 0.418E-03 0.551E-05 0.450E-37 0.805E-04 0.450E-37 0.450E-37 0.450E-37 0.450E-37 0.450E-37 0.450E-37 0.450E-37
  5  0.39800E-05  236.55 0.450E-37 0.833E+00 0.450E-37 0.450E-37 0.450E-37 0.450E-37 0.450E-37 0.641E-24 0.163E+00 0.260E-02 0.147E-02 0.265E-28 0.425E-03 0.266E-05 0.450E-37 0.805E-04 0.450E-37 0.450E-37 0.450E-37 0.450E-37 0.450E-37 0.450E-37 0.450E-37
  6  0.56200E-05  236.97 0.450E-37 0.833E+00 0.450E-37 0.450E-37 0.450E-37 0.450E-37 0.450E-37 0.373E-24 0.163E+00 0.260E-02 0.147E-02 0.160E-28 0.428E-03 0.146E-05 0.450E-37 0.805E-04 0.450E-37 0.450E-37 0.450E-37 0.450E-37 0.450E-37 0.450E-37 0.450E-37
  7  0.79400E-05  237.97 0.450E-37 0.833E+00 0.450E-37 0.450E-37 0.450E-37 0.450E-37 0.450E-37 0.266E-24 0.163E+00 0.260E-02 0.147E-02 0.125E-28 0.431E-03 0.899E-06 0.450E-37 0.805E-04 0.450E-37 0.450E-37 0.450E-37 0.450E-37 0.450E-37 0.450E-37 0.450E-37
  8  0.11220E-04  239.50 0.450E-37 0.833E+00 0.450E-37 0.450E-37 0.450E-37 0.450E-37 0.450E-37 0.227E-24 0.163E+00 0.260E-02 0.147E-02 0.121E-28 0.433E-03 0.607E-06 0.450E-37 0.805E-04 0.450E-37 0.450E-37 0.450E-37 0.450E-37 0.450E-37 0.450E-37 0.450E-37
  9  0.15850E-04  241.48 0.450E-37 0.833E+00 0.450E-37 0.450E-37 0.450E-37 0.450E-37 0.450E-37 0.225E-24 0.163E+00 0.260E-02 0.147E-02 0.142E-28 0.433E-03 0.439E-06 0.450E-37 0.805E-04 0.450E-37 0.450E-37 0.450E-37 0.450E-37 0.450E-37 0.450E-37 0.450E-37
 10  0.22390E-04  243.37 0.450E-37 0.833E+00 0.450E-37 0.450E-37 0.450E-37 0.450E-37 0.450E-37 0.214E-24 0.163E+00 0.260E-02 0.147E-02 0.158E-28 0.433E-03 0.311E-06 0.450E-37 0.805E-04 0.450E-37 0.450E-37 0.450E-37 0.450E-37 0.450E-37 0.450E-37 0.450E-37
 11  0.31620E-04  244.70 0.450E-37 0.833E+00 0.450E-37 0.450E-37 0.450E-37 0.450E-37 0.450E-37 0.167E-24 0.163E+00 0.260E-02 0.147E-02 0.138E-28 0.434E-03 0.199E-06 0.450E-37 0.805E-04 0.450E-37 0.450E-37 0.450E-37 0.450E-37 0.450E-37 0.450E-37 0.450E-37
 12  0.44670E-04  245.28 0.450E-37 0.833E+00 0.450E-37 0.450E-37 0.450E-37 0.450E-37 0.450E-37 0.101E-24 0.163E+00 0.260E-02 0.147E-02 0.879E-29 0.434E-03 0.111E-06 0.450E-37 0.805E-04 0.450E-37 0.450E-37 0.450E-37 0.450E-37 0.450E-37 0.450E-37 0.450E-37
 13  0.63100E-04  245.09 0.450E-37 0.833E+00 0.450E-37 0.450E-37 0.450E-37 0.450E-37 0.450E-37 0.477E-25 0.163E+00 0.260E-02 0.147E-02 0.407E-29 0.434E-03 0.537E-07 0.450E-37 0.805E-04 0.450E-37 0.450E-37 0.450E-37 0.450E-37 0.450E-37 0.450E-37 0.450E-37
 14  0.89120E-04  244.23 0.450E-37 0.833E+00 0.450E-37 0.450E-37 0.450E-37 0.450E-37 0.450E-37 0.180E-25 0.163E+00 0.260E-02 0.147E-02 0.143E-29 0.435E-03 0.231E-07 0.450E-37 0.805E-04 0.450E-37 0.450E-37 0.450E-37 0.450E-37 0.450E-37 0.450E-37 0.450E-37
 15  0.12589E-03  242.65 0.450E-37 0.833E+00 0.450E-37 0.450E-37 0.450E-37 0.450E-37 0.450E-37 0.530E-26 0.163E+00 0.260E-02 0.147E-02 0.370E-30 0.435E-03 0.869E-08 0.450E-37 0.805E-04 0.450E-37 0.450E-37 0.450E-37 0.450E-37 0.450E-37 0.450E-37 0.450E-37
 16  0.17783E-03  240.34 0.450E-37 0.833E+00 0.450E-37 0.450E-37 0.450E-37 0.450E-37 0.450E-37 0.121E-26 0.163E+00 0.260E-02 0.147E-02 0.693E-31 0.435E-03 0.284E-08 0.450E-37 0.805E-04 0.450E-37 0.450E-37 0.450E-37 0.450E-37 0.450E-37 0.450E-37 0.450E-37
 17  0.25119E-03  237.45 0.450E-37 0.833E+00 0.450E-37 0.450E-37 0.450E-37 0.450E-37 0.450E-37 0.222E-27 0.163E+00 0.260E-02 0.147E-02 0.991E-32 0.435E-03 0.829E-09 0.450E-37 0.805E-04 0.450E-37 0.450E-37 0.450E-37 0.450E-37 0.450E-37 0.450E-37 0.450E-37
 18  0.35481E-03  234.10 0.450E-37 0.833E+00 0.450E-37 0.450E-37 0.450E-37 0.450E-37 0.450E-37 0.334E-28 0.163E+00 0.260E-02 0.147E-02 0.111E-32 0.435E-03 0.218E-09 0.450E-37 0.805E-04 0.450E-37 0.450E-37 0.450E-37 0.450E-37 0.450E-37 0.450E-37 0.450E-37
 19  0.50119E-03  230.34 0.450E-37 0.833E+00 0.450E-37 0.450E-37 0.450E-37 0.450E-37 0.450E-37 0.418E-29 0.163E+00 0.260E-02 0.147E-02 0.985E-34 0.435E-03 0.517E-10 0.450E-37 0.805E-04 0.450E-37 0.450E-37 0.450E-37 0.450E-37 0.450E-37 0.450E-37 0.450E-37
 20  0.70795E-03  226.22 0.450E-37 0.833E+00 0.450E-37 0.450E-37 0.450E-37 0.450E-37 0.450E-37 0.435E-30 0.163E+00 0.260E-02 0.147E-02 0.694E-35 0.435E-03 0.112E-10 0.450E-37 0.805E-04 0.450E-37 0.450E-37 0.450E-37 0.450E-37 0.450E-37 0.450E-37 0.450E-37
 21  0.10000E-02  222.11 0.450E-37 0.833E+00 0.450E-37 0.450E-37 0.450E-37 0.450E-37 0.450E-37 0.428E-31 0.163E+00 0.260E-02 0.147E-02 0.456E-36 0.435E-03 0.234E-11 0.450E-37 0.805E-04 0.450E-37 0.450E-37 0.450E-37 0.450E-37 0.450E-37 0.450E-37 0.450E-37
 22  0.14125E-02  218.76 0.450E-37 0.833E+00 0.450E-37 0.450E-37 0.450E-37 0.450E-37 0.450E-37 0.540E-32 0.163E+00 0.258E-02 0.147E-02 0.954E-37 0.435E-03 0.564E-12 0.450E-37 0.805E-04 0.450E-37 0.450E-37 0.450E-37 0.450E-37 0.450E-37 0.450E-37 0.450E-37
 23  0.19953E-02  216.79 0.450E-37 0.833E+00 0.450E-37 0.450E-37 0.450E-37 0.450E-37 0.450E-37 0.114E-32 0.163E+00 0.254E-02 0.147E-02 0.619E-37 0.435E-03 0.182E-12 0.450E-37 0.805E-04 0.450E-37 0.450E-37 0.450E-37 0.450E-37 0.450E-37 0.450E-37 0.450E-37
 24  0.28184E-02  216.15 0.450E-37 0.833E+00 0.450E-37 0.450E-37 0.450E-37 0.450E-37 0.450E-37 0.421E-33 0.163E+00 0.250E-02 0.147E-02 0.471E-37 0.435E-03 0.788E-13 0.450E-37 0.805E-04 0.450E-37 0.450E-37 0.450E-37 0.450E-37 0.450E-37 0.450E-37 0.450E-37
 25  0.39811E-02  216.45 0.450E-37 0.833E+00 0.450E-37 0.450E-37 0.450E-37 0.450E-37 0.450E-37 0.197E-33 0.163E+00 0.227E-02 0.147E-02 0.450E-37 0.435E-03 0.422E-13 0.450E-37 0.805E-04 0.450E-37 0.450E-37 0.450E-37 0.450E-37 0.450E-37 0.450E-37 0.450E-37
 26  0.56234E-02  217.13 0.450E-37 0.833E+00 0.450E-37 0.450E-37 0.450E-37 0.450E-37 0.450E-37 0.115E-33 0.163E+00 0.211E-02 0.147E-02 0.450E-37 0.435E-03 0.247E-13 0.450E-37 0.805E-04 0.450E-37 0.450E-37 0.450E-37 0.450E-37 0.450E-37 0.450E-37 0.450E-37
 27  0.79433E-02  217.89 0.450E-37 0.833E+00 0.450E-37 0.450E-37 0.450E-37 0.450E-37 0.450E-37 0.771E-34 0.163E+00 0.208E-02 0.147E-02 0.450E-37 0.435E-03 0.147E-13 0.450E-37 0.805E-04 0.450E-37 0.450E-37 0.450E-37 0.450E-37 0.450E-37 0.450E-37 0.450E-37
 28  0.11220E-01  220.96 0.450E-37 0.833E+00 0.450E-37 0.450E-37 0.450E-37 0.450E-37 0.450E-37 0.174E-33 0.163E+00 0.234E-02 0.147E-02 0.517E-37 0.435E-03 0.145E-13 0.450E-37 0.805E-04 0.450E-37 0.450E-37 0.450E-37 0.450E-37 0.450E-37 0.450E-37 0.450E-37
 29  0.15849E-01  224.88 0.451E-37 0.833E+00 0.451E-37 0.451E-37 0.451E-37 0.451E-37 0.451E-37 0.326E-33 0.163E+00 0.207E-02 0.147E-02 0.705E-37 0.435E-03 0.168E-13 0.451E-37 0.805E-04 0.451E-37 0.451E-37 0.451E-37 0.451E-37 0.451E-37 0.451E-37 0.451E-37
 30  0.22387E-01  228.93 0.450E-37 0.833E+00 0.450E-37 0.450E-37 0.450E-37 0.450E-37 0.450E-37 0.105E-32 0.163E+00 0.239E-02 0.147E-02 0.651E-37 0.435E-03 0.195E-13 0.450E-37 0.805E-04 0.450E-37 0.450E-37 0.450E-37 0.450E-37 0.450E-37 0.450E-37 0.450E-37
 31  0.31623E-01  234.71 0.450E-37 0.833E+00 0.450E-37 0.450E-37 0.450E-37 0.450E-37 0.450E-37 0.500E-32 0.163E+00 0.253E-02 0.147E-02 0.272E-36 0.435E-03 0.309E-13 0.450E-37 0.805E-04 0.450E-37 0.450E-37 0.450E-37 0.450E-37 0.450E-37 0.450E-37 0.450E-37
 32  0.44668E-01  241.47 0.450E-37 0.833E+00 0.450E-37 0.450E-37 0.450E-37 0.450E-37 0.450E-37 0.283E-31 0.163E+00 0.260E-02 0.147E-02 0.178E-35 0.435E-03 0.556E-13 0.450E-37 0.805E-04 0.450E-37 0.450E-37 0.450E-37 0.450E-37 0.450E-37 0.450E-37 0.450E-37
 33  0.63096E-01  249.73 0.450E-37 0.833E+00 0.450E-37 0.450E-37 0.450E-37 0.450E-37 0.450E-37 0.216E-30 0.163E+00 0.260E-02 0.147E-02 0.268E-34 0.435E-03 0.122E-12 0.450E-37 0.805E-04 0.450E-37 0.450E-37 0.450E-37 0.450E-37 0.450E-37 0.450E-37 0.450E-37
 34  0.89125E-01  260.75 0.450E-37 0.833E+00 0.450E-37 0.450E-37 0.450E-37 0.450E-37 0.450E-37 0.315E-29 0.163E+00 0.260E-02 0.147E-02 0.899E-33 0.435E-03 0.381E-12 0.571E-37 0.805E-04 0.450E-37 0.450E-37 0.450E-37 0.450E-37 0.450E-37 0.450E-37 0.450E-37
 35  0.12589E+00  276.23 0.450E-37 0.833E+00 0.450E-37 0.450E-37 0.450E-37 0.450E-37 0.450E-37 0.113E-27 0.163E+00 0.260E-02 0.147E-02 0.936E-31 0.435E-03 0.198E-11 0.879E-35 0.805E-04 0.450E-37 0.450E-37 0.450E-37 0.450E-37 0.450E-37 0.450E-37 0.450E-37
 36  0.17783E+00  301.00 0.450E-37 0.833E+00 0.121E-34 0.450E-37 0.450E-37 0.450E-37 0.450E-37 0.212E-25 0.163E+00 0.259E-02 0.147E-02 0.762E-28 0.434E-03 0.262E-10 0.162E-31 0.804E-04 0.450E-37 0.450E-37 0.450E-37 0.450E-37 0.450E-37 0.450E-37 0.450E-37
 37  0.25119E+00  334.09 0.450E-37 0.833E+00 0.574E-31 0.450E-37 0.450E-37 0.450E-37 0.450E-37 0.744E-23 0.163E+00 0.259E-02 0.147E-02 0.135E-24 0.434E-03 0.515E-09 0.484E-28 0.804E-04 0.450E-37 0.450E-37 0.450E-37 0.450E-37 0.450E-37 0.450E-37 0.450E-37
 38  0.35481E+00  370.62 0.450E-37 0.833E+00 0.112E-27 0.450E-37 0.450E-37 0.450E-37 0.450E-37 0.132E-20 0.163E+00 0.259E-02 0.147E-02 0.103E-21 0.434E-03 0.731E-08 0.618E-25 0.804E-04 0.450E-37 0.450E-37 0.450E-37 0.450E-37 0.450E-37 0.450E-37 0.450E-37
 39  0.50119E+00  411.00 0.450E-37 0.833E+00 0.999E-25 0.450E-37 0.450E-37 0.450E-37 0.450E-37 0.128E-18 0.163E+00 0.259E-02 0.147E-02 0.370E-19 0.434E-03 0.775E-07 0.376E-22 0.804E-04 0.450E-37 0.133E-25 0.200E-36 0.569E-36 0.392E-36 0.450E-37 0.450E-37
 40  0.70795E+00  455.69 0.450E-37 0.833E+00 0.449E-22 0.450E-37 0.450E-37 0.450E-37 0.450E-37 0.878E-17 0.163E+00 0.259E-02 0.147E-02 0.808E-17 0.431E-03 0.628E-06 0.118E-19 0.804E-04 0.463E-37 0.274E-22 0.262E-32 0.217E-31 0.101E-31 0.450E-37 0.450E-37
 41  0.10000E+01  505.16 0.135E-36 0.833E+00 0.109E-19 0.450E-37 0.450E-37 0.450E-37 0.450E-37 0.392E-15 0.163E+00 0.259E-02 0.147E-02 0.101E-14 0.420E-03 0.388E-05 0.205E-17 0.804E-04 0.108E-34 0.249E-19 0.108E-27 0.704E-27 0.349E-27 0.720E-37 0.873E-37
 42  0.14125E+01  559.95 0.296E-32 0.833E+00 0.152E-17 0.450E-37 0.450E-37 0.450E-37 0.450E-37 0.119E-13 0.163E+00 0.259E-02 0.147E-02 0.769E-13 0.374E-03 0.162E-04 0.210E-15 0.804E-04 0.121E-30 0.109E-16 0.161E-23 0.836E-23 0.439E-23 0.535E-35 0.403E-34
 43  0.19953E+01  620.62 0.154E-28 0.833E+00 0.129E-15 0.450E-37 0.565E-37 0.450E-37 0.450E-37 0.251E-12 0.163E+00 0.259E-02 0.147E-02 0.369E-11 0.294E-03 0.432E-04 0.135E-13 0.804E-04 0.516E-27 0.249E-14 0.114E-19 0.486E-19 0.249E-20 0.123E-31 0.122E-30
 44  0.28184E+01  687.74 0.454E-25 0.833E+00 0.701E-14 0.450E-37 0.190E-34 0.193E-35 0.450E-37 0.383E-11 0.163E+00 0.259E-02 0.147E-02 0.116E-09 0.224E-03 0.902E-04 0.564E-12 0.804E-04 0.918E-24 0.313E-12 0.417E-16 0.481E-16 0.409E-18 0.480E-28 0.393E-27
 45  0.39811E+01  761.92 0.920E-22 0.833E+00 0.252E-12 0.450E-37 0.421E-30 0.576E-32 0.176E-35 0.433E-10 0.163E+00 0.259E-02 0.147E-02 0.249E-08 0.151E-03 0.124E-03 0.161E-10 0.804E-04 0.739E-21 0.230E-10 0.814E-13 0.809E-14 0.377E-16 0.801E-25 0.546E-24
 46  0.56234E+01  843.76 0.108E-18 0.833E+00 0.627E-11 0.450E-37 0.439E-26 0.572E-28 0.939E-32 0.371E-09 0.163E+00 0.259E-02 0.147E-02 0.376E-07 0.103E-03 0.151E-03 0.326E-09 0.804E-04 0.288E-18 0.103E-08 0.554E-10 0.408E-12 0.238E-14 0.612E-22 0.355E-21
 47  0.79433E+01  920.86 0.211E-16 0.833E+00 0.742E-10 0.450E-37 0.485E-23 0.678E-25 0.298E-28 0.174E-08 0.163E+00 0.259E-02 0.147E-02 0.271E-06 0.813E-04 0.171E-03 0.353E-08 0.804E-04 0.275E-16 0.183E-07 0.467E-08 0.746E-11 0.525E-13 0.103E-19 0.529E-19
 48  0.10000E+02  957.41 0.112E-15 0.833E+00 0.200E-09 0.450E-37 0.550E-22 0.118E-23 0.785E-27 0.282E-08 0.163E+00 0.259E-02 0.147E-02 0.523E-06 0.788E-04 0.175E-03 0.101E-07 0.804E-04 0.168E-15 0.555E-07 0.132E-07 0.214E-10 0.164E-12 0.837E-19 0.408E-18
 49  0.15849E+02 1021.93 0.129E-14 0.833E+00 0.925E-09 0.450E-37 0.222E-20 0.102E-21 0.129E-24 0.503E-08 0.163E+00 0.259E-02 0.147E-02 0.123E-05 0.795E-04 0.170E-03 0.566E-07 0.808E-04 0.270E-14 0.293E-06 0.545E-07 0.908E-10 0.837E-12 0.221E-17 0.757E-17
 50  0.22387E+02 1073.23 0.626E-14 0.833E+00 0.272E-08 0.450E-37 0.263E-19 0.232E-20 0.469E-23 0.736E-08 0.163E+00 0.259E-02 0.147E-02 0.219E-05 0.823E-04 0.170E-03 0.190E-06 0.812E-04 0.188E-13 0.927E-06 0.119E-06 0.205E-09 0.224E-11 0.221E-16 0.393E-16
 51  0.31623E+02 1132.04 0.294E-13 0.833E+00 0.837E-08 0.450E-37 0.308E-18 0.595E-19 0.193E-21 0.112E-07 0.163E+00 0.259E-02 0.147E-02 0.408E-05 0.846E-04 0.172E-03 0.585E-06 0.828E-04 0.140E-12 0.270E-05 0.222E-06 0.397E-09 0.533E-11 0.240E-15 0.356E-15
 52  0.44668E+02 1204.31 0.148E-12 0.833E+00 0.292E-07 0.450E-37 0.413E-17 0.213E-17 0.117E-19 0.190E-07 0.163E+00 0.258E-02 0.146E-02 0.855E-05 0.828E-04 0.168E-03 0.141E-05 0.852E-04 0.129E-11 0.822E-05 0.365E-06 0.684E-09 0.121E-10 0.328E-14 0.648E-14
 53  0.63096E+02 1288.06 0.643E-12 0.833E+00 0.105E-06 0.450E-37 0.479E-16 0.809E-16 0.753E-18 0.324E-07 0.163E+00 0.256E-02 0.143E-02 0.181E-04 0.816E-04 0.169E-03 0.159E-05 0.860E-04 0.124E-10 0.100E-04 0.419E-06 0.785E-09 0.163E-10 0.469E-13 0.112E-12
 54  0.89125E+02 1383.07 0.268E-11 0.833E+00 0.372E-06 0.450E-37 0.524E-15 0.289E-14 0.453E-16 0.547E-07 0.163E+00 0.253E-02 0.141E-02 0.378E-04 0.815E-04 0.174E-03 0.156E-05 0.863E-04 0.114E-09 0.106E-04 0.462E-06 0.865E-09 0.206E-10 0.646E-12 0.174E-11
 55  0.12589E+03 1490.92 0.107E-10 0.833E+00 0.128E-05 0.450E-37 0.534E-14 0.949E-13 0.247E-14 0.879E-07 0.163E+00 0.249E-02 0.137E-02 0.748E-04 0.803E-04 0.172E-03 0.148E-05 0.862E-04 0.987E-09 0.107E-04 0.500E-06 0.937E-09 0.254E-10 0.839E-11 0.241E-10
 56  0.17783E+03 1614.47 0.413E-10 0.833E+00 0.434E-05 0.723E-37 0.516E-13 0.289E-11 0.124E-12 0.123E-06 0.163E+00 0.239E-02 0.126E-02 0.132E-03 0.799E-04 0.171E-03 0.137E-05 0.862E-04 0.809E-08 0.108E-04 0.545E-06 0.103E-08 0.323E-10 0.103E-09 0.298E-09
 57  0.25119E+03 1758.64 0.159E-09 0.833E+00 0.145E-04 0.168E-34 0.486E-12 0.824E-10 0.544E-11 0.174E-06 0.162E+00 0.230E-02 0.116E-02 0.230E-03 0.808E-04 0.173E-03 0.124E-05 0.860E-04 0.636E-07 0.109E-04 0.596E-06 0.113E-08 0.415E-10 0.121E-08 0.341E-08
 58  0.35481E+03 1926.29 0.592E-09 0.833E+00 0.469E-04 0.320E-31 0.426E-11 0.213E-08 0.181E-09 0.258E-06 0.162E+00 0.223E-02 0.115E-02 0.415E-03 0.828E-04 0.177E-03 0.110E-05 0.857E-04 0.436E-06 0.110E-04 0.638E-06 0.122E-08 0.510E-10 0.125E-07 0.342E-07
 59  0.50119E+03 2106.12 0.187E-08 0.834E+00 0.132E-03 0.276E-28 0.291E-10 0.167E-07 0.376E-08 0.343E-06 0.162E+00 0.209E-02 0.124E-02 0.677E-03 0.877E-04 0.180E-03 0.961E-06 0.826E-04 0.225E-05 0.109E-04 0.657E-06 0.126E-08 0.565E-10 0.950E-07 0.984E-07
 60  0.70795E+03 2298.34 0.511E-08 0.834E+00 0.330E-03 0.117E-25 0.159E-09 0.214E-07 0.448E-07 0.441E-06 0.162E+00 0.208E-02 0.128E-02 0.986E-03 0.959E-04 0.183E-03 0.856E-06 0.780E-04 0.930E-05 0.108E-04 0.657E-06 0.125E-08 0.584E-10 0.566E-06 0.139E-06
 61  0.10000E+04 2503.09 0.123E-07 0.834E+00 0.737E-03 0.262E-23 0.714E-09 0.153E-07 0.452E-06 0.423E-06 0.162E+00 0.187E-02 0.135E-02 0.117E-02 0.108E-03 0.184E-03 0.774E-06 0.778E-04 0.532E-04 0.106E-04 0.648E-06 0.123E-08 0.580E-10 0.461E-05 0.191E-06
