   25.000000000000000     
  1  0.10000E-05  266.29 0.450E-37 0.833E+00 0.129E-36 0.450E-37 0.450E-37 0.450E-37 0.450E-37 0.119E-18 0.163E+00 0.256E-02 0.147E-02 0.510E-22 0.688E-04 0.180E-03 0.450E-37 0.804E-04 0.450E-37 0.450E-37 0.450E-37 0.450E-37 0.450E-37 0.450E-37 0.450E-37
  2  0.14100E-05  262.58 0.450E-37 0.833E+00 0.666E-37 0.450E-37 0.450E-37 0.450E-37 0.450E-37 0.211E-19 0.163E+00 0.258E-02 0.147E-02 0.692E-23 0.117E-03 0.147E-03 0.450E-37 0.804E-04 0.450E-37 0.450E-37 0.450E-37 0.450E-37 0.450E-37 0.450E-37 0.450E-37
  3  0.20000E-05  258.34 0.450E-37 0.833E+00 0.450E-37 0.450E-37 0.450E-37 0.450E-37 0.450E-37 0.305E-20 0.163E+00 0.259E-02 0.147E-02 0.732E-24 0.195E-03 0.103E-03 0.450E-37 0.804E-04 0.450E-37 0.450E-37 0.450E-37 0.450E-37 0.450E-37 0.450E-37 0.450E-37
  4  0.28200E-05  255.08 0.450E-37 0.833E+00 0.450E-37 0.450E-37 0.450E-37 0.450E-37 0.450E-37 0.575E-21 0.163E+00 0.259E-02 0.147E-02 0.108E-24 0.283E-03 0.641E-04 0.450E-37 0.804E-04 0.450E-37 0.450E-37 0.450E-37 0.450E-37 0.450E-37 0.450E-37 0.450E-37
  5  0.39800E-05  253.53 0.450E-37 0.833E+00 0.450E-37 0.450E-37 0.450E-37 0.450E-37 0.450E-37 0.179E-21 0.163E+00 0.259E-02 0.147E-02 0.299E-25 0.333E-03 0.344E-04 0.450E-37 0.805E-04 0.450E-37 0.450E-37 0.450E-37 0.450E-37 0.450E-37 0.450E-37 0.450E-37
  6  0.56200E-05  253.40 0.450E-37 0.833E+00 0.450E-37 0.450E-37 0.450E-37 0.450E-37 0.450E-37 0.864E-22 0.163E+00 0.259E-02 0.147E-02 0.143E-25 0.362E-03 0.199E-04 0.450E-37 0.805E-04 0.450E-37 0.450E-37 0.450E-37 0.450E-37 0.450E-37 0.450E-37 0.450E-37
  7  0.79400E-05  254.24 0.450E-37 0.833E+00 0.450E-37 0.450E-37 0.450E-37 0.450E-37 0.450E-37 0.561E-22 0.163E+00 0.260E-02 0.147E-02 0.988E-26 0.387E-03 0.131E-04 0.450E-37 0.805E-04 0.450E-37 0.450E-37 0.450E-37 0.450E-37 0.450E-37 0.450E-37 0.450E-37
  8  0.11220E-04  255.84 0.450E-37 0.833E+00 0.450E-37 0.450E-37 0.450E-37 0.450E-37 0.450E-37 0.458E-22 0.163E+00 0.260E-02 0.147E-02 0.910E-26 0.407E-03 0.950E-05 0.450E-37 0.805E-04 0.450E-37 0.450E-37 0.450E-37 0.450E-37 0.450E-37 0.450E-37 0.450E-37
  9  0.15850E-04  257.85 0.450E-37 0.833E+00 0.450E-37 0.450E-37 0.450E-37 0.450E-37 0.450E-37 0.421E-22 0.163E+00 0.260E-02 0.147E-02 0.973E-26 0.411E-03 0.674E-05 0.450E-37 0.805E-04 0.450E-37 0.450E-37 0.450E-37 0.450E-37 0.450E-37 0.450E-37 0.450E-37
 10  0.22390E-04  259.93 0.450E-37 0.833E+00 0.450E-37 0.450E-37 0.450E-37 0.450E-37 0.450E-37 0.392E-22 0.163E+00 0.260E-02 0.147E-02 0.105E-25 0.419E-03 0.490E-05 0.450E-37 0.805E-04 0.450E-37 0.450E-37 0.450E-37 0.450E-37 0.450E-37 0.450E-37 0.450E-37
 11  0.31620E-04  261.69 0.450E-37 0.833E+00 0.450E-37 0.450E-37 0.450E-37 0.450E-37 0.450E-37 0.328E-22 0.163E+00 0.260E-02 0.147E-02 0.100E-25 0.426E-03 0.337E-05 0.450E-37 0.805E-04 0.450E-37 0.450E-37 0.450E-37 0.450E-37 0.450E-37 0.450E-37 0.450E-37
 12  0.44670E-04  262.89 0.450E-37 0.833E+00 0.450E-37 0.450E-37 0.450E-37 0.450E-37 0.450E-37 0.233E-22 0.163E+00 0.260E-02 0.147E-02 0.777E-26 0.427E-03 0.205E-05 0.450E-37 0.805E-04 0.450E-37 0.450E-37 0.450E-37 0.450E-37 0.450E-37 0.450E-37 0.450E-37
 13  0.63100E-04  263.56 0.450E-37 0.833E+00 0.450E-37 0.450E-37 0.450E-37 0.450E-37 0.450E-37 0.142E-22 0.163E+00 0.260E-02 0.147E-02 0.495E-26 0.429E-03 0.115E-05 0.450E-37 0.805E-04 0.450E-37 0.450E-37 0.450E-37 0.450E-37 0.450E-37 0.450E-37 0.450E-37
 14  0.89120E-04  263.77 0.450E-37 0.833E+00 0.450E-37 0.450E-37 0.450E-37 0.450E-37 0.450E-37 0.753E-23 0.163E+00 0.260E-02 0.147E-02 0.267E-26 0.432E-03 0.607E-06 0.450E-37 0.805E-04 0.450E-37 0.450E-37 0.450E-37 0.450E-37 0.450E-37 0.450E-37 0.450E-37
 15  0.12589E-03  263.36 0.450E-37 0.833E+00 0.450E-37 0.450E-37 0.450E-37 0.450E-37 0.450E-37 0.336E-23 0.163E+00 0.260E-02 0.147E-02 0.116E-26 0.434E-03 0.287E-06 0.450E-37 0.805E-04 0.450E-37 0.450E-37 0.450E-37 0.450E-37 0.450E-37 0.450E-37 0.450E-37
 16  0.17783E-03  262.26 0.450E-37 0.833E+00 0.450E-37 0.450E-37 0.450E-37 0.450E-37 0.450E-37 0.123E-23 0.163E+00 0.260E-02 0.147E-02 0.391E-27 0.434E-03 0.121E-06 0.450E-37 0.805E-04 0.450E-37 0.450E-37 0.450E-37 0.450E-37 0.450E-37 0.450E-37 0.450E-37
 17  0.25119E-03  260.50 0.450E-37 0.833E+00 0.450E-37 0.450E-37 0.450E-37 0.450E-37 0.450E-37 0.367E-24 0.163E+00 0.260E-02 0.147E-02 0.103E-27 0.435E-03 0.460E-07 0.450E-37 0.805E-04 0.450E-37 0.450E-37 0.450E-37 0.450E-37 0.450E-37 0.450E-37 0.450E-37
 18  0.35481E-03  257.87 0.450E-37 0.833E+00 0.450E-37 0.450E-37 0.450E-37 0.450E-37 0.450E-37 0.846E-25 0.163E+00 0.260E-02 0.147E-02 0.196E-28 0.435E-03 0.151E-07 0.450E-37 0.805E-04 0.450E-37 0.450E-37 0.450E-37 0.450E-37 0.450E-37 0.450E-37 0.450E-37
 19  0.50119E-03  254.42 0.450E-37 0.833E+00 0.450E-37 0.450E-37 0.450E-37 0.450E-37 0.450E-37 0.149E-25 0.163E+00 0.260E-02 0.147E-02 0.266E-29 0.435E-03 0.429E-08 0.450E-37 0.805E-04 0.450E-37 0.450E-37 0.450E-37 0.450E-37 0.450E-37 0.450E-37 0.450E-37
 20  0.70795E-03  250.49 0.450E-37 0.833E+00 0.450E-37 0.450E-37 0.450E-37 0.450E-37 0.450E-37 0.219E-26 0.163E+00 0.260E-02 0.147E-02 0.288E-30 0.435E-03 0.110E-08 0.450E-37 0.805E-04 0.450E-37 0.450E-37 0.450E-37 0.450E-37 0.450E-37 0.450E-37 0.450E-37
 21  0.10000E-02  246.55 0.450E-37 0.833E+00 0.450E-37 0.450E-37 0.450E-37 0.450E-37 0.450E-37 0.308E-27 0.163E+00 0.260E-02 0.147E-02 0.296E-31 0.435E-03 0.278E-09 0.450E-37 0.805E-04 0.450E-37 0.450E-37 0.450E-37 0.450E-37 0.450E-37 0.450E-37 0.450E-37
 22  0.14125E-02  243.17 0.450E-37 0.833E+00 0.450E-37 0.450E-37 0.450E-37 0.450E-37 0.450E-37 0.503E-28 0.163E+00 0.260E-02 0.147E-02 0.367E-32 0.435E-03 0.760E-10 0.450E-37 0.805E-04 0.450E-37 0.450E-37 0.450E-37 0.450E-37 0.450E-37 0.450E-37 0.450E-37
 23  0.19953E-02  240.81 0.450E-37 0.833E+00 0.450E-37 0.450E-37 0.450E-37 0.450E-37 0.450E-37 0.113E-28 0.163E+00 0.260E-02 0.147E-02 0.674E-33 0.435E-03 0.246E-10 0.450E-37 0.805E-04 0.450E-37 0.450E-37 0.450E-37 0.450E-37 0.450E-37 0.450E-37 0.450E-37
 24  0.28184E-02  239.51 0.450E-37 0.833E+00 0.450E-37 0.450E-37 0.450E-37 0.450E-37 0.450E-37 0.362E-29 0.163E+00 0.260E-02 0.147E-02 0.193E-33 0.435E-03 0.970E-11 0.450E-37 0.805E-04 0.450E-37 0.450E-37 0.450E-37 0.450E-37 0.450E-37 0.450E-37 0.450E-37
 25  0.39811E-02  239.05 0.450E-37 0.833E+00 0.450E-37 0.450E-37 0.450E-37 0.450E-37 0.450E-37 0.154E-29 0.163E+00 0.260E-02 0.147E-02 0.793E-34 0.435E-03 0.446E-11 0.450E-37 0.805E-04 0.450E-37 0.450E-37 0.450E-37 0.450E-37 0.450E-37 0.450E-37 0.450E-37
 26  0.56234E-02  239.31 0.450E-37 0.833E+00 0.450E-37 0.450E-37 0.450E-37 0.450E-37 0.450E-37 0.847E-30 0.163E+00 0.260E-02 0.147E-02 0.445E-34 0.435E-03 0.235E-11 0.450E-37 0.805E-04 0.450E-37 0.450E-37 0.450E-37 0.450E-37 0.450E-37 0.450E-37 0.450E-37
 27  0.79433E-02  240.70 0.450E-37 0.833E+00 0.450E-37 0.450E-37 0.450E-37 0.450E-37 0.450E-37 0.686E-30 0.163E+00 0.260E-02 0.147E-02 0.406E-34 0.435E-03 0.152E-11 0.450E-37 0.805E-04 0.450E-37 0.450E-37 0.450E-37 0.450E-37 0.450E-37 0.450E-37 0.450E-37
 28  0.11220E-01  243.65 0.450E-37 0.833E+00 0.450E-37 0.450E-37 0.450E-37 0.450E-37 0.450E-37 0.937E-30 0.163E+00 0.260E-02 0.147E-02 0.710E-34 0.435E-03 0.131E-11 0.450E-37 0.805E-04 0.450E-37 0.450E-37 0.450E-37 0.450E-37 0.450E-37 0.450E-37 0.450E-37
 29  0.15849E-01  247.72 0.450E-37 0.833E+00 0.450E-37 0.450E-37 0.450E-37 0.450E-37 0.450E-37 0.179E-29 0.163E+00 0.260E-02 0.147E-02 0.189E-33 0.435E-03 0.136E-11 0.450E-37 0.805E-04 0.450E-37 0.450E-37 0.450E-37 0.450E-37 0.450E-37 0.450E-37 0.450E-37
 30  0.22387E-01  252.63 0.450E-37 0.833E+00 0.450E-37 0.450E-37 0.450E-37 0.450E-37 0.450E-37 0.428E-29 0.163E+00 0.260E-02 0.147E-02 0.667E-33 0.435E-03 0.159E-11 0.450E-37 0.805E-04 0.450E-37 0.450E-37 0.450E-37 0.450E-37 0.450E-37 0.450E-37 0.450E-37
 31  0.31623E-01  258.86 0.450E-37 0.833E+00 0.450E-37 0.450E-37 0.450E-37 0.450E-37 0.450E-37 0.143E-28 0.163E+00 0.260E-02 0.147E-02 0.355E-32 0.435E-03 0.223E-11 0.450E-37 0.805E-04 0.450E-37 0.450E-37 0.450E-37 0.450E-37 0.450E-37 0.450E-37 0.450E-37
 32  0.44668E-01  266.61 0.450E-37 0.833E+00 0.450E-37 0.450E-37 0.450E-37 0.450E-37 0.450E-37 0.670E-28 0.163E+00 0.260E-02 0.147E-02 0.290E-31 0.435E-03 0.379E-11 0.243E-36 0.805E-04 0.450E-37 0.450E-37 0.450E-37 0.450E-37 0.450E-37 0.450E-37 0.450E-37
 33  0.63096E-01  276.55 0.450E-37 0.833E+00 0.450E-37 0.450E-37 0.450E-37 0.450E-37 0.450E-37 0.491E-27 0.163E+00 0.260E-02 0.147E-02 0.414E-30 0.435E-03 0.826E-11 0.578E-35 0.805E-04 0.450E-37 0.450E-37 0.450E-37 0.450E-37 0.450E-37 0.450E-37 0.450E-37
 34  0.89125E-01  290.26 0.450E-37 0.833E+00 0.685E-36 0.450E-37 0.450E-37 0.450E-37 0.450E-37 0.737E-26 0.163E+00 0.260E-02 0.147E-02 0.144E-28 0.435E-03 0.270E-10 0.429E-33 0.805E-04 0.450E-37 0.450E-37 0.450E-37 0.450E-37 0.450E-37 0.450E-37 0.450E-37
 35  0.12589E+00  310.06 0.450E-37 0.833E+00 0.184E-33 0.450E-37 0.450E-37 0.450E-37 0.450E-37 0.293E-24 0.163E+00 0.259E-02 0.147E-02 0.169E-26 0.434E-03 0.153E-09 0.123E-30 0.804E-04 0.450E-37 0.450E-37 0.450E-37 0.450E-37 0.450E-37 0.450E-37 0.450E-37
 36  0.17783E+00  342.05 0.450E-37 0.833E+00 0.424E-30 0.450E-37 0.450E-37 0.450E-37 0.450E-37 0.593E-22 0.163E+00 0.259E-02 0.147E-02 0.152E-23 0.434E-03 0.225E-08 0.191E-27 0.804E-04 0.450E-37 0.450E-37 0.450E-37 0.450E-37 0.450E-37 0.450E-37 0.450E-37
 37  0.25119E+00  379.41 0.450E-37 0.833E+00 0.687E-27 0.450E-37 0.450E-37 0.450E-37 0.450E-37 0.907E-20 0.163E+00 0.259E-02 0.147E-02 0.962E-21 0.434E-03 0.298E-07 0.205E-24 0.804E-04 0.450E-37 0.461E-35 0.450E-37 0.457E-37 0.450E-37 0.450E-37 0.450E-37
 38  0.35481E+00  420.73 0.450E-37 0.833E+00 0.522E-24 0.450E-37 0.450E-37 0.450E-37 0.450E-37 0.811E-18 0.163E+00 0.259E-02 0.147E-02 0.308E-18 0.434E-03 0.297E-06 0.106E-21 0.804E-04 0.450E-37 0.124E-24 0.108E-35 0.741E-35 0.374E-35 0.450E-37 0.450E-37
 39  0.50119E+00  466.46 0.450E-37 0.833E+00 0.203E-21 0.450E-37 0.450E-37 0.450E-37 0.450E-37 0.502E-16 0.163E+00 0.259E-02 0.147E-02 0.590E-16 0.426E-03 0.222E-05 0.290E-19 0.804E-04 0.528E-37 0.210E-21 0.609E-31 0.477E-30 0.225E-30 0.450E-37 0.450E-37
 40  0.70795E+00  517.09 0.207E-35 0.833E+00 0.432E-19 0.450E-37 0.450E-37 0.450E-37 0.450E-37 0.206E-14 0.163E+00 0.259E-02 0.147E-02 0.660E-14 0.374E-03 0.107E-04 0.444E-17 0.804E-04 0.150E-33 0.160E-18 0.202E-26 0.125E-25 0.585E-26 0.215E-36 0.401E-36
 41  0.10000E+01  573.16 0.427E-31 0.833E+00 0.536E-17 0.450E-37 0.450E-37 0.450E-37 0.450E-37 0.566E-13 0.163E+00 0.259E-02 0.147E-02 0.446E-12 0.342E-03 0.444E-04 0.411E-15 0.804E-04 0.133E-29 0.605E-16 0.239E-22 0.119E-21 0.631E-22 0.159E-34 0.176E-33
 42  0.14125E+01  635.23 0.179E-27 0.833E+00 0.410E-15 0.450E-37 0.772E-37 0.450E-37 0.450E-37 0.111E-11 0.163E+00 0.259E-02 0.147E-02 0.194E-10 0.226E-03 0.806E-04 0.237E-13 0.804E-04 0.462E-26 0.120E-13 0.157E-18 0.642E-18 0.126E-19 0.107E-30 0.102E-29
 43  0.19953E+01  703.91 0.486E-24 0.833E+00 0.202E-13 0.450E-37 0.284E-33 0.110E-34 0.450E-37 0.159E-10 0.163E+00 0.259E-02 0.147E-02 0.561E-09 0.151E-03 0.124E-03 0.907E-12 0.804E-04 0.683E-23 0.132E-11 0.545E-15 0.300E-15 0.169E-17 0.343E-27 0.268E-26
 44  0.28184E+01  779.78 0.981E-21 0.833E+00 0.666E-12 0.450E-37 0.608E-29 0.779E-31 0.119E-34 0.168E-09 0.163E+00 0.259E-02 0.147E-02 0.111E-07 0.101E-03 0.162E-03 0.239E-10 0.804E-04 0.464E-20 0.867E-10 0.935E-12 0.304E-13 0.149E-15 0.476E-24 0.313E-23
 45  0.39811E+01  863.46 0.933E-18 0.833E+00 0.153E-10 0.450E-37 0.490E-25 0.612E-27 0.131E-30 0.136E-08 0.163E+00 0.259E-02 0.147E-02 0.155E-06 0.661E-04 0.175E-03 0.450E-09 0.804E-04 0.155E-17 0.351E-08 0.376E-09 0.140E-11 0.859E-14 0.309E-21 0.173E-20
 46  0.56234E+01  926.77 0.444E-16 0.833E+00 0.106E-09 0.450E-37 0.958E-23 0.160E-24 0.755E-28 0.405E-08 0.163E+00 0.259E-02 0.147E-02 0.649E-06 0.567E-04 0.182E-03 0.316E-08 0.804E-04 0.545E-16 0.324E-07 0.779E-08 0.125E-10 0.901E-13 0.177E-19 0.901E-19
 47  0.79433E+01  970.22 0.278E-15 0.833E+00 0.324E-09 0.450E-37 0.151E-21 0.417E-23 0.317E-26 0.608E-08 0.163E+00 0.259E-02 0.147E-02 0.120E-05 0.585E-04 0.183E-03 0.114E-07 0.805E-04 0.417E-15 0.109E-06 0.241E-07 0.392E-10 0.314E-12 0.196E-18 0.938E-18
 48  0.10000E+02  998.26 0.837E-15 0.833E+00 0.626E-09 0.450E-37 0.801E-21 0.287E-22 0.291E-25 0.744E-08 0.163E+00 0.259E-02 0.147E-02 0.166E-05 0.613E-04 0.186E-03 0.249E-07 0.805E-04 0.138E-14 0.221E-06 0.481E-07 0.788E-10 0.665E-12 0.816E-18 0.378E-17
 49  0.15849E+02 1050.44 0.385E-14 0.833E+00 0.188E-08 0.450E-37 0.100E-19 0.731E-21 0.121E-23 0.921E-08 0.163E+00 0.258E-02 0.147E-02 0.252E-05 0.679E-04 0.176E-03 0.980E-07 0.812E-04 0.988E-14 0.684E-06 0.952E-07 0.163E-09 0.169E-11 0.903E-17 0.213E-16
 50  0.22387E+02 1094.79 0.135E-13 0.833E+00 0.445E-08 0.450E-37 0.754E-19 0.908E-20 0.220E-22 0.112E-07 0.163E+00 0.258E-02 0.147E-02 0.360E-05 0.741E-04 0.176E-03 0.277E-06 0.815E-04 0.460E-13 0.167E-05 0.178E-06 0.314E-09 0.369E-11 0.585E-16 0.802E-16
 51  0.31623E+02 1149.40 0.476E-13 0.833E+00 0.120E-07 0.450E-37 0.612E-18 0.160E-18 0.592E-21 0.153E-07 0.163E+00 0.258E-02 0.146E-02 0.584E-05 0.781E-04 0.175E-03 0.726E-06 0.837E-04 0.267E-12 0.385E-05 0.260E-06 0.471E-09 0.690E-11 0.484E-15 0.773E-15
 52  0.44668E+02 1217.74 0.198E-12 0.833E+00 0.374E-07 0.450E-37 0.634E-17 0.419E-17 0.251E-19 0.233E-07 0.163E+00 0.257E-02 0.145E-02 0.109E-04 0.783E-04 0.170E-03 0.144E-05 0.853E-04 0.201E-11 0.855E-05 0.377E-06 0.705E-09 0.129E-10 0.531E-14 0.108E-13
 53  0.63096E+02 1297.88 0.778E-12 0.833E+00 0.123E-06 0.450E-37 0.633E-16 0.125E-15 0.123E-17 0.370E-07 0.163E+00 0.255E-02 0.143E-02 0.212E-04 0.789E-04 0.171E-03 0.160E-05 0.862E-04 0.164E-10 0.105E-04 0.430E-06 0.807E-09 0.171E-10 0.639E-13 0.156E-12
 54  0.89125E+02 1390.04 0.300E-11 0.833E+00 0.410E-06 0.450E-37 0.620E-15 0.378E-14 0.613E-16 0.593E-07 0.163E+00 0.253E-02 0.141E-02 0.416E-04 0.798E-04 0.175E-03 0.155E-05 0.863E-04 0.135E-09 0.106E-04 0.465E-06 0.872E-09 0.209E-10 0.781E-12 0.212E-11
 55  0.12589E+03 1495.94 0.114E-10 0.833E+00 0.137E-05 0.450E-37 0.591E-14 0.112E-12 0.298E-14 0.921E-07 0.163E+00 0.249E-02 0.137E-02 0.792E-04 0.792E-04 0.172E-03 0.148E-05 0.862E-04 0.110E-08 0.107E-04 0.502E-06 0.942E-09 0.257E-10 0.944E-11 0.271E-10
 56  0.17783E+03 1618.03 0.431E-10 0.833E+00 0.450E-05 0.812E-37 0.549E-13 0.319E-11 0.139E-12 0.126E-06 0.163E+00 0.238E-02 0.125E-02 0.136E-03 0.793E-04 0.171E-03 0.137E-05 0.862E-04 0.863E-08 0.108E-04 0.547E-06 0.103E-08 0.325E-10 0.111E-09 0.320E-09
 57  0.25119E+03 1761.25 0.164E-09 0.833E+00 0.148E-04 0.192E-34 0.504E-12 0.877E-10 0.582E-11 0.176E-06 0.162E+00 0.230E-02 0.116E-02 0.234E-03 0.804E-04 0.174E-03 0.124E-05 0.860E-04 0.662E-07 0.109E-04 0.597E-06 0.113E-08 0.417E-10 0.127E-08 0.356E-08
 58  0.35481E+03 1929.09 0.606E-09 0.833E+00 0.478E-04 0.361E-31 0.441E-11 0.225E-08 0.192E-09 0.260E-06 0.162E+00 0.223E-02 0.114E-02 0.421E-03 0.824E-04 0.178E-03 0.109E-05 0.856E-04 0.451E-06 0.110E-04 0.639E-06 0.122E-08 0.512E-10 0.130E-07 0.352E-07
 59  0.50119E+03 2109.11 0.191E-08 0.834E+00 0.135E-03 0.308E-28 0.300E-10 0.171E-07 0.396E-08 0.345E-06 0.162E+00 0.209E-02 0.123E-02 0.684E-03 0.873E-04 0.180E-03 0.958E-06 0.824E-04 0.232E-05 0.109E-04 0.657E-06 0.126E-08 0.566E-10 0.982E-07 0.987E-07
 60  0.70795E+03 2301.54 0.520E-08 0.834E+00 0.335E-03 0.129E-25 0.163E-09 0.213E-07 0.469E-07 0.442E-06 0.162E+00 0.208E-02 0.127E-02 0.992E-03 0.955E-04 0.183E-03 0.852E-06 0.780E-04 0.957E-05 0.108E-04 0.657E-06 0.125E-08 0.584E-10 0.585E-06 0.140E-06
 61  0.10000E+04 2506.47 0.125E-07 0.834E+00 0.748E-03 0.286E-23 0.731E-09 0.152E-07 0.452E-06 0.422E-06 0.162E+00 0.187E-02 0.134E-02 0.117E-02 0.107E-03 0.184E-03 0.770E-06 0.778E-04 0.554E-04 0.106E-04 0.648E-06 0.123E-08 0.580E-10 0.481E-05 0.192E-06
