   25.000000000000000     
  1  0.10000E-05  155.53 0.451E-37 0.834E+00 0.451E-37 0.451E-37 0.451E-37 0.451E-37 0.451E-37 0.451E-37 0.163E+00 0.235E-03 0.148E-02 0.451E-37 0.436E-03 0.425E-14 0.451E-37 0.806E-04 0.451E-37 0.451E-37 0.451E-37 0.451E-37 0.451E-37 0.451E-37 0.451E-37
  2  0.14100E-05  152.61 0.451E-37 0.835E+00 0.451E-37 0.451E-37 0.451E-37 0.451E-37 0.451E-37 0.451E-37 0.163E+00 0.782E-04 0.148E-02 0.451E-37 0.436E-03 0.604E-15 0.451E-37 0.807E-04 0.451E-37 0.451E-37 0.451E-37 0.451E-37 0.451E-37 0.451E-37 0.451E-37
  3  0.20000E-05  150.92 0.451E-37 0.835E+00 0.451E-37 0.451E-37 0.451E-37 0.451E-37 0.451E-37 0.451E-37 0.163E+00 0.351E-04 0.148E-02 0.451E-37 0.436E-03 0.141E-15 0.451E-37 0.807E-04 0.451E-37 0.451E-37 0.451E-37 0.451E-37 0.451E-37 0.451E-37 0.451E-37
  4  0.28200E-05  149.83 0.451E-37 0.835E+00 0.451E-37 0.451E-37 0.451E-37 0.451E-37 0.451E-37 0.451E-37 0.163E+00 0.185E-04 0.148E-02 0.451E-37 0.436E-03 0.433E-16 0.451E-37 0.807E-04 0.451E-37 0.451E-37 0.451E-37 0.451E-37 0.451E-37 0.451E-37 0.451E-37
  5  0.39800E-05  149.02 0.451E-37 0.835E+00 0.451E-37 0.451E-37 0.451E-37 0.451E-37 0.451E-37 0.451E-37 0.163E+00 0.104E-04 0.148E-02 0.451E-37 0.436E-03 0.149E-16 0.451E-37 0.785E-04 0.451E-37 0.451E-37 0.451E-37 0.451E-37 0.451E-37 0.451E-37 0.451E-37
  6  0.56200E-05  148.37 0.451E-37 0.835E+00 0.451E-37 0.451E-37 0.451E-37 0.451E-37 0.451E-37 0.451E-37 0.163E+00 0.619E-05 0.148E-02 0.451E-37 0.436E-03 0.557E-17 0.451E-37 0.731E-04 0.451E-37 0.451E-37 0.451E-37 0.451E-37 0.451E-37 0.451E-37 0.451E-37
  7  0.79400E-05  147.90 0.452E-37 0.835E+00 0.452E-37 0.452E-37 0.452E-37 0.452E-37 0.452E-37 0.452E-37 0.163E+00 0.383E-05 0.148E-02 0.452E-37 0.436E-03 0.224E-17 0.452E-37 0.663E-04 0.452E-37 0.452E-37 0.452E-37 0.452E-37 0.452E-37 0.452E-37 0.452E-37
  8  0.11220E-04  147.26 0.452E-37 0.835E+00 0.452E-37 0.452E-37 0.452E-37 0.452E-37 0.452E-37 0.452E-37 0.163E+00 0.226E-05 0.148E-02 0.452E-37 0.436E-03 0.830E-18 0.452E-37 0.571E-04 0.452E-37 0.452E-37 0.452E-37 0.452E-37 0.452E-37 0.452E-37 0.452E-37
  9  0.15850E-04  146.28 0.452E-37 0.835E+00 0.452E-37 0.452E-37 0.452E-37 0.452E-37 0.452E-37 0.452E-37 0.163E+00 0.121E-05 0.148E-02 0.452E-37 0.436E-03 0.261E-18 0.452E-37 0.444E-04 0.452E-37 0.452E-37 0.452E-37 0.452E-37 0.452E-37 0.452E-37 0.452E-37
 10  0.22390E-04  145.06 0.452E-37 0.835E+00 0.452E-37 0.452E-37 0.452E-37 0.452E-37 0.452E-37 0.452E-37 0.163E+00 0.599E-06 0.148E-02 0.452E-37 0.436E-03 0.724E-19 0.452E-37 0.307E-04 0.452E-37 0.452E-37 0.452E-37 0.452E-37 0.452E-37 0.452E-37 0.452E-37
 11  0.31620E-04  143.32 0.452E-37 0.835E+00 0.452E-37 0.452E-37 0.452E-37 0.452E-37 0.452E-37 0.452E-37 0.163E+00 0.253E-06 0.148E-02 0.452E-37 0.436E-03 0.154E-19 0.452E-37 0.170E-04 0.452E-37 0.452E-37 0.452E-37 0.452E-37 0.452E-37 0.452E-37 0.452E-37
 12  0.44670E-04  140.34 0.452E-37 0.835E+00 0.452E-37 0.452E-37 0.452E-37 0.452E-37 0.452E-37 0.452E-37 0.163E+00 0.718E-07 0.148E-02 0.452E-37 0.436E-03 0.169E-20 0.452E-37 0.584E-05 0.452E-37 0.452E-37 0.452E-37 0.452E-37 0.452E-37 0.452E-37 0.452E-37
 13  0.63100E-04  135.85 0.452E-37 0.835E+00 0.452E-37 0.452E-37 0.452E-37 0.452E-37 0.452E-37 0.452E-37 0.163E+00 0.119E-07 0.148E-02 0.452E-37 0.436E-03 0.771E-22 0.452E-37 0.113E-05 0.452E-37 0.452E-37 0.452E-37 0.452E-37 0.452E-37 0.452E-37 0.452E-37
 14  0.89120E-04  131.25 0.452E-37 0.835E+00 0.452E-37 0.452E-37 0.452E-37 0.452E-37 0.452E-37 0.452E-37 0.163E+00 0.171E-08 0.148E-02 0.452E-37 0.436E-03 0.279E-23 0.452E-37 0.191E-06 0.452E-37 0.452E-37 0.452E-37 0.452E-37 0.452E-37 0.452E-37 0.452E-37
 15  0.12589E-03  129.89 0.452E-37 0.835E+00 0.452E-37 0.452E-37 0.452E-37 0.452E-37 0.452E-37 0.452E-37 0.163E+00 0.741E-09 0.148E-02 0.452E-37 0.436E-03 0.621E-24 0.452E-37 0.868E-07 0.452E-37 0.452E-37 0.452E-37 0.452E-37 0.452E-37 0.452E-37 0.452E-37
 16  0.17783E-03  131.39 0.452E-37 0.835E+00 0.452E-37 0.452E-37 0.452E-37 0.452E-37 0.452E-37 0.452E-37 0.163E+00 0.901E-09 0.148E-02 0.452E-37 0.436E-03 0.760E-24 0.452E-37 0.999E-07 0.452E-37 0.452E-37 0.452E-37 0.452E-37 0.452E-37 0.452E-37 0.452E-37
 17  0.25119E-03  134.19 0.452E-37 0.835E+00 0.452E-37 0.452E-37 0.452E-37 0.452E-37 0.452E-37 0.452E-37 0.163E+00 0.170E-08 0.148E-02 0.452E-37 0.436E-03 0.193E-23 0.452E-37 0.171E-06 0.452E-37 0.452E-37 0.452E-37 0.452E-37 0.452E-37 0.452E-37 0.452E-37
 18  0.35481E-03  137.91 0.452E-37 0.835E+00 0.452E-37 0.452E-37 0.452E-37 0.452E-37 0.452E-37 0.452E-37 0.163E+00 0.416E-08 0.148E-02 0.452E-37 0.436E-03 0.746E-23 0.452E-37 0.369E-06 0.452E-37 0.452E-37 0.452E-37 0.452E-37 0.452E-37 0.452E-37 0.452E-37
 19  0.50119E-03  140.83 0.452E-37 0.835E+00 0.452E-37 0.452E-37 0.452E-37 0.452E-37 0.452E-37 0.452E-37 0.163E+00 0.746E-08 0.148E-02 0.452E-37 0.436E-03 0.173E-22 0.452E-37 0.602E-06 0.452E-37 0.452E-37 0.452E-37 0.452E-37 0.452E-37 0.452E-37 0.452E-37
 20  0.70795E-03  139.57 0.452E-37 0.835E+00 0.452E-37 0.452E-37 0.452E-37 0.452E-37 0.452E-37 0.452E-37 0.163E+00 0.356E-08 0.148E-02 0.452E-37 0.436E-03 0.452E-23 0.452E-37 0.299E-06 0.452E-37 0.452E-37 0.452E-37 0.452E-37 0.452E-37 0.452E-37 0.452E-37
 21  0.10000E-02  131.30 0.452E-37 0.835E+00 0.452E-37 0.452E-37 0.452E-37 0.452E-37 0.452E-37 0.452E-37 0.163E+00 0.155E-09 0.148E-02 0.452E-37 0.436E-03 0.228E-25 0.452E-37 0.173E-07 0.452E-37 0.452E-37 0.452E-37 0.452E-37 0.452E-37 0.452E-37 0.452E-37
 22  0.14125E-02  114.24 0.452E-37 0.835E+00 0.452E-37 0.452E-37 0.452E-37 0.452E-37 0.452E-37 0.452E-37 0.163E+00 0.981E-13 0.148E-02 0.452E-37 0.695E-04 0.279E-33 0.452E-37 0.221E-10 0.452E-37 0.452E-37 0.452E-37 0.452E-37 0.452E-37 0.452E-37 0.452E-37
 23  0.19953E-02  101.43 0.452E-37 0.835E+00 0.452E-37 0.452E-37 0.452E-37 0.452E-37 0.452E-37 0.452E-37 0.163E+00 0.753E-16 0.148E-02 0.452E-37 0.881E-06 0.526E-37 0.452E-37 0.338E-13 0.452E-37 0.452E-37 0.452E-37 0.452E-37 0.452E-37 0.452E-37 0.452E-37
 24  0.28184E-02  102.80 0.452E-37 0.835E+00 0.452E-37 0.452E-37 0.452E-37 0.452E-37 0.452E-37 0.452E-37 0.163E+00 0.121E-15 0.148E-02 0.452E-37 0.101E-05 0.473E-37 0.452E-37 0.498E-13 0.452E-37 0.452E-37 0.452E-37 0.452E-37 0.452E-37 0.452E-37 0.452E-37
 25  0.39811E-02  106.68 0.452E-37 0.835E+00 0.452E-37 0.452E-37 0.452E-37 0.452E-37 0.452E-37 0.452E-37 0.163E+00 0.758E-15 0.148E-02 0.452E-37 0.261E-05 0.452E-37 0.452E-37 0.251E-12 0.452E-37 0.452E-37 0.452E-37 0.452E-37 0.452E-37 0.452E-37 0.452E-37
 26  0.56234E-02  111.85 0.452E-37 0.835E+00 0.452E-37 0.452E-37 0.452E-37 0.452E-37 0.452E-37 0.452E-37 0.163E+00 0.776E-14 0.148E-02 0.452E-37 0.899E-05 0.309E-36 0.452E-37 0.197E-11 0.452E-37 0.452E-37 0.452E-37 0.452E-37 0.452E-37 0.452E-37 0.452E-37
 27  0.79433E-02  116.60 0.452E-37 0.835E+00 0.452E-37 0.452E-37 0.452E-37 0.452E-37 0.452E-37 0.452E-37 0.163E+00 0.521E-13 0.148E-02 0.452E-37 0.241E-04 0.130E-34 0.452E-37 0.105E-10 0.452E-37 0.452E-37 0.452E-37 0.452E-37 0.452E-37 0.452E-37 0.452E-37
 28  0.11220E-01  129.12 0.452E-37 0.835E+00 0.452E-37 0.452E-37 0.452E-37 0.452E-37 0.452E-37 0.452E-37 0.163E+00 0.627E-11 0.148E-02 0.452E-37 0.327E-03 0.167E-28 0.452E-37 0.755E-09 0.452E-37 0.452E-37 0.452E-37 0.452E-37 0.452E-37 0.452E-37 0.452E-37
 29  0.15849E-01  139.21 0.452E-37 0.835E+00 0.452E-37 0.452E-37 0.452E-37 0.452E-37 0.452E-37 0.452E-37 0.163E+00 0.142E-09 0.148E-02 0.452E-37 0.423E-03 0.650E-26 0.452E-37 0.121E-07 0.452E-37 0.452E-37 0.452E-37 0.452E-37 0.452E-37 0.452E-37 0.452E-37
 30  0.22387E-01  133.51 0.452E-37 0.835E+00 0.452E-37 0.452E-37 0.452E-37 0.452E-37 0.452E-37 0.452E-37 0.163E+00 0.151E-10 0.148E-02 0.452E-37 0.275E-03 0.200E-28 0.452E-37 0.155E-08 0.452E-37 0.452E-37 0.452E-37 0.452E-37 0.452E-37 0.452E-37 0.452E-37
 31  0.31623E-01  127.32 0.452E-37 0.835E+00 0.452E-37 0.452E-37 0.452E-37 0.452E-37 0.452E-37 0.452E-37 0.163E+00 0.113E-11 0.148E-02 0.452E-37 0.850E-04 0.521E-32 0.452E-37 0.146E-09 0.452E-37 0.452E-37 0.452E-37 0.452E-37 0.452E-37 0.452E-37 0.452E-37
 32  0.44668E-01  128.10 0.452E-37 0.835E+00 0.452E-37 0.452E-37 0.452E-37 0.452E-37 0.452E-37 0.452E-37 0.163E+00 0.108E-11 0.148E-02 0.452E-37 0.717E-04 0.344E-32 0.452E-37 0.135E-09 0.452E-37 0.452E-37 0.452E-37 0.452E-37 0.452E-37 0.452E-37 0.452E-37
 33  0.63096E-01  131.15 0.452E-37 0.835E+00 0.452E-37 0.452E-37 0.452E-37 0.452E-37 0.452E-37 0.452E-37 0.163E+00 0.233E-11 0.148E-02 0.452E-37 0.939E-04 0.220E-31 0.452E-37 0.261E-09 0.452E-37 0.452E-37 0.452E-37 0.452E-37 0.452E-37 0.452E-37 0.452E-37
 34  0.89125E-01  133.73 0.452E-37 0.835E+00 0.452E-37 0.452E-37 0.452E-37 0.452E-37 0.452E-37 0.452E-37 0.163E+00 0.409E-11 0.148E-02 0.452E-37 0.115E-03 0.828E-31 0.452E-37 0.418E-09 0.452E-37 0.452E-37 0.452E-37 0.452E-37 0.452E-37 0.452E-37 0.452E-37
 35  0.12589E+00  136.55 0.452E-37 0.835E+00 0.452E-37 0.452E-37 0.452E-37 0.452E-37 0.452E-37 0.452E-37 0.163E+00 0.752E-11 0.148E-02 0.452E-37 0.149E-03 0.358E-30 0.452E-37 0.697E-09 0.452E-37 0.452E-37 0.452E-37 0.452E-37 0.452E-37 0.452E-37 0.452E-37
 36  0.17783E+00  142.14 0.452E-37 0.835E+00 0.452E-37 0.452E-37 0.452E-37 0.452E-37 0.452E-37 0.452E-37 0.163E+00 0.315E-10 0.148E-02 0.452E-37 0.242E-03 0.169E-28 0.452E-37 0.244E-08 0.452E-37 0.452E-37 0.452E-37 0.452E-37 0.452E-37 0.452E-37 0.452E-37
 37  0.25119E+00  151.45 0.452E-37 0.835E+00 0.452E-37 0.452E-37 0.452E-37 0.452E-37 0.452E-37 0.452E-37 0.163E+00 0.322E-09 0.148E-02 0.452E-37 0.436E-03 0.113E-25 0.452E-37 0.191E-07 0.452E-37 0.452E-37 0.452E-37 0.452E-37 0.452E-37 0.452E-37 0.452E-37
 38  0.35481E+00  165.48 0.452E-37 0.835E+00 0.452E-37 0.452E-37 0.452E-37 0.452E-37 0.452E-37 0.452E-37 0.163E+00 0.722E-08 0.148E-02 0.452E-37 0.436E-03 0.182E-23 0.452E-37 0.302E-06 0.452E-37 0.452E-37 0.452E-37 0.452E-37 0.452E-37 0.452E-37 0.452E-37
 39  0.50119E+00  184.96 0.452E-37 0.835E+00 0.452E-37 0.452E-37 0.452E-37 0.452E-37 0.452E-37 0.452E-37 0.163E+00 0.260E-06 0.148E-02 0.452E-37 0.436E-03 0.682E-21 0.452E-37 0.734E-05 0.452E-37 0.452E-37 0.452E-37 0.452E-37 0.452E-37 0.452E-37 0.452E-37
 40  0.70795E+00  206.47 0.452E-37 0.835E+00 0.452E-37 0.452E-37 0.452E-37 0.452E-37 0.452E-37 0.452E-37 0.163E+00 0.597E-05 0.148E-02 0.452E-37 0.436E-03 0.126E-18 0.452E-37 0.659E-04 0.452E-37 0.452E-37 0.452E-37 0.452E-37 0.452E-37 0.452E-37 0.452E-37
 41  0.10000E+01  230.13 0.451E-37 0.835E+00 0.451E-37 0.451E-37 0.451E-37 0.451E-37 0.451E-37 0.465E-37 0.163E+00 0.914E-04 0.148E-02 0.451E-37 0.436E-03 0.125E-16 0.451E-37 0.807E-04 0.451E-37 0.451E-37 0.451E-37 0.451E-37 0.451E-37 0.451E-37 0.451E-37
 42  0.14125E+01  256.11 0.451E-37 0.834E+00 0.451E-37 0.451E-37 0.451E-37 0.451E-37 0.451E-37 0.448E-33 0.163E+00 0.982E-03 0.148E-02 0.392E-36 0.435E-03 0.715E-15 0.131E-36 0.806E-04 0.451E-37 0.451E-37 0.451E-37 0.451E-37 0.451E-37 0.451E-37 0.451E-37
 43  0.19953E+01  284.66 0.450E-37 0.833E+00 0.754E-37 0.450E-37 0.450E-37 0.450E-37 0.450E-37 0.381E-29 0.163E+00 0.260E-02 0.147E-02 0.533E-32 0.435E-03 0.255E-13 0.882E-33 0.805E-04 0.450E-37 0.450E-37 0.450E-37 0.450E-37 0.450E-37 0.450E-37 0.450E-37
 44  0.28184E+01  316.07 0.450E-37 0.833E+00 0.194E-33 0.450E-37 0.450E-37 0.450E-37 0.450E-37 0.198E-26 0.163E+00 0.259E-02 0.147E-02 0.155E-28 0.434E-03 0.606E-12 0.538E-29 0.804E-04 0.450E-37 0.450E-37 0.450E-37 0.450E-37 0.450E-37 0.450E-37 0.450E-37
 45  0.39811E+01  350.71 0.450E-37 0.833E+00 0.596E-30 0.450E-37 0.450E-37 0.450E-37 0.450E-37 0.497E-24 0.163E+00 0.259E-02 0.147E-02 0.182E-25 0.434E-03 0.102E-10 0.106E-25 0.804E-04 0.450E-37 0.450E-37 0.450E-37 0.450E-37 0.450E-37 0.450E-37 0.450E-37
 46  0.56234E+01  388.97 0.450E-37 0.833E+00 0.796E-27 0.450E-37 0.450E-37 0.450E-37 0.450E-37 0.644E-22 0.163E+00 0.259E-02 0.147E-02 0.944E-23 0.434E-03 0.125E-09 0.947E-23 0.804E-04 0.450E-37 0.121E-31 0.450E-37 0.450E-37 0.450E-37 0.450E-37 0.450E-37
 47  0.79433E+01  431.30 0.450E-37 0.833E+00 0.511E-24 0.450E-37 0.450E-37 0.450E-37 0.450E-37 0.537E-20 0.163E+00 0.259E-02 0.147E-02 0.271E-20 0.434E-03 0.118E-08 0.419E-20 0.804E-04 0.450E-37 0.388E-25 0.231E-36 0.107E-35 0.480E-36 0.450E-37 0.450E-37
 48  0.10000E+02  462.00 0.450E-37 0.833E+00 0.263E-22 0.450E-37 0.450E-37 0.450E-37 0.450E-37 0.821E-19 0.163E+00 0.259E-02 0.147E-02 0.873E-19 0.434E-03 0.455E-08 0.171E-18 0.804E-04 0.450E-37 0.528E-23 0.233E-33 0.187E-32 0.874E-33 0.450E-37 0.450E-37
 49  0.15849E+02  530.06 0.313E-35 0.833E+00 0.319E-19 0.450E-37 0.450E-37 0.450E-37 0.450E-37 0.112E-16 0.163E+00 0.259E-02 0.147E-02 0.449E-16 0.434E-03 0.509E-07 0.133E-15 0.804E-04 0.709E-34 0.344E-19 0.207E-27 0.121E-26 0.616E-27 0.334E-36 0.974E-36
 50  0.22387E+02  587.52 0.359E-32 0.833E+00 0.350E-17 0.450E-37 0.450E-37 0.450E-37 0.450E-37 0.282E-15 0.163E+00 0.259E-02 0.147E-02 0.272E-14 0.433E-03 0.241E-06 0.109E-13 0.804E-04 0.499E-30 0.111E-16 0.179E-23 0.846E-23 0.357E-23 0.279E-34 0.312E-33
 51  0.31623E+02  651.13 0.243E-28 0.833E+00 0.239E-15 0.450E-37 0.525E-37 0.487E-37 0.450E-37 0.509E-14 0.163E+00 0.259E-02 0.147E-02 0.106E-12 0.432E-03 0.947E-06 0.573E-12 0.804E-04 0.140E-26 0.190E-14 0.652E-20 0.255E-19 0.510E-20 0.178E-30 0.162E-29
 52  0.44668E+02  721.46 0.395E-25 0.833E+00 0.107E-13 0.450E-37 0.204E-33 0.282E-35 0.450E-37 0.675E-13 0.163E+00 0.259E-02 0.147E-02 0.279E-11 0.425E-03 0.304E-05 0.199E-10 0.804E-04 0.170E-23 0.184E-12 0.132E-16 0.433E-16 0.397E-18 0.463E-27 0.347E-26
 53  0.63096E+02  799.15 0.381E-22 0.833E+00 0.321E-12 0.450E-37 0.183E-29 0.360E-31 0.328E-35 0.669E-12 0.163E+00 0.259E-02 0.147E-02 0.507E-10 0.406E-03 0.785E-05 0.483E-09 0.804E-04 0.970E-21 0.107E-10 0.147E-13 0.478E-14 0.250E-16 0.532E-24 0.336E-23
 54  0.89125E+02  884.80 0.311E-19 0.833E+00 0.680E-11 0.450E-37 0.120E-25 0.221E-27 0.627E-31 0.509E-11 0.163E+00 0.259E-02 0.147E-02 0.655E-09 0.387E-03 0.172E-04 0.841E-08 0.804E-04 0.275E-18 0.389E-09 0.872E-11 0.186E-12 0.119E-14 0.290E-21 0.157E-20
 55  0.12589E+03  978.95 0.116E-16 0.833E+00 0.104E-09 0.450E-37 0.289E-22 0.522E-24 0.434E-27 0.301E-10 0.163E+00 0.259E-02 0.147E-02 0.615E-08 0.354E-03 0.302E-04 0.107E-06 0.804E-04 0.414E-16 0.927E-08 0.164E-08 0.459E-11 0.357E-13 0.803E-19 0.380E-18
 56  0.17783E+03 1082.15 0.905E-15 0.833E+00 0.119E-08 0.450E-37 0.121E-19 0.517E-21 0.112E-23 0.141E-09 0.163E+00 0.259E-02 0.147E-02 0.431E-07 0.315E-03 0.437E-04 0.838E-06 0.805E-04 0.344E-14 0.150E-06 0.323E-07 0.564E-10 0.545E-12 0.118E-16 0.188E-16
 57  0.25119E+03 1194.85 0.245E-13 0.833E+00 0.103E-07 0.450E-37 0.146E-17 0.232E-18 0.119E-20 0.529E-09 0.163E+00 0.259E-02 0.147E-02 0.230E-06 0.294E-03 0.615E-04 0.165E-05 0.815E-04 0.167E-12 0.169E-05 0.166E-06 0.299E-09 0.395E-11 0.980E-15 0.188E-14
 58  0.35481E+03 1317.51 0.310E-12 0.833E+00 0.707E-07 0.450E-37 0.711E-16 0.512E-16 0.562E-18 0.163E-08 0.163E+00 0.259E-02 0.147E-02 0.958E-06 0.285E-03 0.826E-04 0.165E-05 0.863E-04 0.507E-11 0.101E-04 0.349E-06 0.671E-09 0.131E-10 0.491E-13 0.123E-12
 59  0.50119E+03 1450.58 0.228E-11 0.833E+00 0.389E-06 0.450E-37 0.173E-14 0.594E-14 0.128E-15 0.432E-08 0.163E+00 0.262E-02 0.150E-02 0.327E-05 0.282E-03 0.104E-03 0.162E-05 0.863E-04 0.101E-09 0.102E-04 0.410E-06 0.778E-09 0.181E-10 0.158E-11 0.446E-11
 60  0.70795E+03 1594.50 0.131E-10 0.833E+00 0.176E-05 0.450E-37 0.292E-13 0.383E-12 0.148E-13 0.116E-07 0.163E+00 0.277E-02 0.167E-02 0.104E-04 0.286E-03 0.124E-03 0.158E-05 0.863E-04 0.141E-08 0.103E-04 0.463E-06 0.875E-09 0.239E-10 0.344E-10 0.998E-10
 61  0.10000E+04 1749.75 0.614E-10 0.832E+00 0.671E-05 0.317E-35 0.358E-12 0.143E-10 0.903E-12 0.393E-07 0.163E+00 0.317E-02 0.234E-02 0.374E-04 0.294E-03 0.140E-03 0.155E-05 0.865E-04 0.139E-07 0.105E-04 0.520E-06 0.987E-09 0.316E-10 0.524E-09 0.147E-08
