   25.000000000000000     
  1  0.10000E-05  160.94 0.451E-37 0.834E+00 0.451E-37 0.451E-37 0.451E-37 0.451E-37 0.451E-37 0.456E-37 0.163E+00 0.811E-03 0.148E-02 0.451E-37 0.435E-03 0.393E-13 0.451E-37 0.806E-04 0.451E-37 0.451E-37 0.451E-37 0.451E-37 0.451E-37 0.451E-37 0.451E-37
  2  0.14100E-05  157.30 0.451E-37 0.834E+00 0.451E-37 0.451E-37 0.451E-37 0.451E-37 0.451E-37 0.451E-37 0.163E+00 0.261E-03 0.148E-02 0.451E-37 0.436E-03 0.450E-14 0.451E-37 0.806E-04 0.451E-37 0.451E-37 0.451E-37 0.451E-37 0.451E-37 0.451E-37 0.451E-37
  3  0.20000E-05  155.46 0.451E-37 0.835E+00 0.451E-37 0.451E-37 0.451E-37 0.451E-37 0.451E-37 0.451E-37 0.163E+00 0.116E-03 0.148E-02 0.451E-37 0.436E-03 0.103E-14 0.451E-37 0.806E-04 0.451E-37 0.451E-37 0.451E-37 0.451E-37 0.451E-37 0.451E-37 0.451E-37
  4  0.28200E-05  154.39 0.451E-37 0.835E+00 0.451E-37 0.451E-37 0.451E-37 0.451E-37 0.451E-37 0.451E-37 0.163E+00 0.623E-04 0.148E-02 0.451E-37 0.436E-03 0.328E-15 0.451E-37 0.807E-04 0.451E-37 0.451E-37 0.451E-37 0.451E-37 0.451E-37 0.451E-37 0.451E-37
  5  0.39800E-05  153.58 0.451E-37 0.835E+00 0.451E-37 0.451E-37 0.451E-37 0.451E-37 0.451E-37 0.451E-37 0.163E+00 0.358E-04 0.148E-02 0.451E-37 0.436E-03 0.116E-15 0.451E-37 0.807E-04 0.451E-37 0.451E-37 0.451E-37 0.451E-37 0.451E-37 0.451E-37 0.451E-37
  6  0.56200E-05  152.87 0.451E-37 0.835E+00 0.451E-37 0.451E-37 0.451E-37 0.451E-37 0.451E-37 0.451E-37 0.163E+00 0.210E-04 0.148E-02 0.451E-37 0.436E-03 0.427E-16 0.451E-37 0.807E-04 0.451E-37 0.451E-37 0.451E-37 0.451E-37 0.451E-37 0.451E-37 0.451E-37
  7  0.79400E-05  152.19 0.451E-37 0.835E+00 0.451E-37 0.451E-37 0.451E-37 0.451E-37 0.451E-37 0.451E-37 0.163E+00 0.124E-04 0.148E-02 0.451E-37 0.436E-03 0.158E-16 0.451E-37 0.807E-04 0.451E-37 0.451E-37 0.451E-37 0.451E-37 0.451E-37 0.451E-37 0.451E-37
  8  0.11220E-04  151.33 0.451E-37 0.835E+00 0.451E-37 0.451E-37 0.451E-37 0.451E-37 0.451E-37 0.451E-37 0.163E+00 0.698E-05 0.148E-02 0.451E-37 0.436E-03 0.539E-17 0.451E-37 0.807E-04 0.451E-37 0.451E-37 0.451E-37 0.451E-37 0.451E-37 0.451E-37 0.451E-37
  9  0.15850E-04  150.18 0.451E-37 0.835E+00 0.451E-37 0.451E-37 0.451E-37 0.451E-37 0.451E-37 0.451E-37 0.163E+00 0.361E-05 0.148E-02 0.451E-37 0.436E-03 0.160E-17 0.451E-37 0.807E-04 0.451E-37 0.451E-37 0.451E-37 0.451E-37 0.451E-37 0.451E-37 0.451E-37
 10  0.22390E-04  148.69 0.452E-37 0.835E+00 0.452E-37 0.452E-37 0.452E-37 0.452E-37 0.452E-37 0.452E-37 0.163E+00 0.170E-05 0.148E-02 0.452E-37 0.436E-03 0.406E-18 0.452E-37 0.629E-04 0.452E-37 0.452E-37 0.452E-37 0.452E-37 0.452E-37 0.452E-37 0.452E-37
 11  0.31620E-04  146.79 0.452E-37 0.835E+00 0.452E-37 0.452E-37 0.452E-37 0.452E-37 0.452E-37 0.452E-37 0.163E+00 0.702E-06 0.148E-02 0.452E-37 0.436E-03 0.835E-19 0.452E-37 0.381E-04 0.452E-37 0.452E-37 0.452E-37 0.452E-37 0.452E-37 0.452E-37 0.452E-37
 12  0.44670E-04  144.43 0.452E-37 0.835E+00 0.452E-37 0.452E-37 0.452E-37 0.452E-37 0.452E-37 0.452E-37 0.163E+00 0.250E-06 0.148E-02 0.452E-37 0.436E-03 0.134E-19 0.452E-37 0.163E-04 0.452E-37 0.452E-37 0.452E-37 0.452E-37 0.452E-37 0.452E-37 0.452E-37
 13  0.63100E-04  141.80 0.452E-37 0.835E+00 0.452E-37 0.452E-37 0.452E-37 0.452E-37 0.452E-37 0.452E-37 0.163E+00 0.799E-07 0.148E-02 0.452E-37 0.436E-03 0.180E-20 0.452E-37 0.611E-05 0.452E-37 0.452E-37 0.452E-37 0.452E-37 0.452E-37 0.452E-37 0.452E-37
 14  0.89120E-04  139.11 0.452E-37 0.835E+00 0.452E-37 0.452E-37 0.452E-37 0.452E-37 0.452E-37 0.452E-37 0.163E+00 0.244E-07 0.148E-02 0.452E-37 0.436E-03 0.224E-21 0.452E-37 0.208E-05 0.452E-37 0.452E-37 0.452E-37 0.452E-37 0.452E-37 0.452E-37 0.452E-37
 15  0.12589E-03  136.44 0.452E-37 0.835E+00 0.452E-37 0.452E-37 0.452E-37 0.452E-37 0.452E-37 0.452E-37 0.163E+00 0.726E-08 0.148E-02 0.452E-37 0.436E-03 0.268E-22 0.452E-37 0.676E-06 0.452E-37 0.452E-37 0.452E-37 0.452E-37 0.452E-37 0.452E-37 0.452E-37
 16  0.17783E-03  134.17 0.452E-37 0.835E+00 0.452E-37 0.452E-37 0.452E-37 0.452E-37 0.452E-37 0.452E-37 0.163E+00 0.239E-08 0.148E-02 0.452E-37 0.436E-03 0.380E-23 0.452E-37 0.240E-06 0.452E-37 0.452E-37 0.452E-37 0.452E-37 0.452E-37 0.452E-37 0.452E-37
 17  0.25119E-03  132.64 0.452E-37 0.835E+00 0.452E-37 0.452E-37 0.452E-37 0.452E-37 0.452E-37 0.452E-37 0.163E+00 0.995E-09 0.148E-02 0.452E-37 0.436E-03 0.793E-24 0.452E-37 0.105E-06 0.452E-37 0.452E-37 0.452E-37 0.452E-37 0.452E-37 0.452E-37 0.452E-37
 18  0.35481E-03  131.51 0.452E-37 0.835E+00 0.452E-37 0.452E-37 0.452E-37 0.452E-37 0.452E-37 0.452E-37 0.163E+00 0.471E-09 0.148E-02 0.452E-37 0.436E-03 0.205E-24 0.452E-37 0.520E-07 0.452E-37 0.452E-37 0.452E-37 0.452E-37 0.452E-37 0.452E-37 0.452E-37
 19  0.50119E-03  130.25 0.452E-37 0.835E+00 0.452E-37 0.452E-37 0.452E-37 0.452E-37 0.452E-37 0.452E-37 0.163E+00 0.212E-09 0.148E-02 0.452E-37 0.436E-03 0.487E-25 0.452E-37 0.245E-07 0.452E-37 0.452E-37 0.452E-37 0.452E-37 0.452E-37 0.452E-37 0.452E-37
 20  0.70795E-03  128.90 0.452E-37 0.835E+00 0.452E-37 0.452E-37 0.452E-37 0.452E-37 0.452E-37 0.452E-37 0.163E+00 0.914E-10 0.148E-02 0.452E-37 0.436E-03 0.108E-25 0.452E-37 0.111E-07 0.452E-37 0.452E-37 0.452E-37 0.452E-37 0.452E-37 0.452E-37 0.452E-37
 21  0.10000E-02  128.09 0.452E-37 0.835E+00 0.452E-37 0.452E-37 0.452E-37 0.452E-37 0.452E-37 0.452E-37 0.163E+00 0.479E-10 0.148E-02 0.452E-37 0.436E-03 0.329E-26 0.452E-37 0.599E-08 0.452E-37 0.452E-37 0.452E-37 0.452E-37 0.452E-37 0.452E-37 0.452E-37
 22  0.14125E-02  128.03 0.452E-37 0.835E+00 0.452E-37 0.452E-37 0.452E-37 0.452E-37 0.452E-37 0.452E-37 0.163E+00 0.330E-10 0.148E-02 0.452E-37 0.410E-03 0.117E-26 0.452E-37 0.415E-08 0.452E-37 0.452E-37 0.452E-37 0.452E-37 0.452E-37 0.452E-37 0.452E-37
 23  0.19953E-02  128.28 0.452E-37 0.835E+00 0.452E-37 0.452E-37 0.452E-37 0.452E-37 0.452E-37 0.452E-37 0.163E+00 0.257E-10 0.148E-02 0.452E-37 0.393E-03 0.546E-27 0.452E-37 0.320E-08 0.452E-37 0.452E-37 0.452E-37 0.452E-37 0.452E-37 0.452E-37 0.452E-37
 24  0.28184E-02  128.59 0.452E-37 0.835E+00 0.452E-37 0.452E-37 0.452E-37 0.452E-37 0.452E-37 0.452E-37 0.163E+00 0.205E-10 0.148E-02 0.452E-37 0.384E-03 0.294E-27 0.452E-37 0.252E-08 0.452E-37 0.452E-37 0.452E-37 0.452E-37 0.452E-37 0.452E-37 0.452E-37
 25  0.39811E-02  128.59 0.452E-37 0.835E+00 0.452E-37 0.452E-37 0.452E-37 0.452E-37 0.452E-37 0.452E-37 0.163E+00 0.145E-10 0.148E-02 0.452E-37 0.367E-03 0.131E-27 0.452E-37 0.178E-08 0.452E-37 0.452E-37 0.452E-37 0.452E-37 0.452E-37 0.452E-37 0.452E-37
 26  0.56234E-02  126.23 0.452E-37 0.835E+00 0.452E-37 0.452E-37 0.452E-37 0.452E-37 0.452E-37 0.452E-37 0.163E+00 0.417E-11 0.148E-02 0.452E-37 0.240E-03 0.312E-29 0.452E-37 0.561E-09 0.452E-37 0.452E-37 0.452E-37 0.452E-37 0.452E-37 0.452E-37 0.452E-37
 27  0.79433E-02  121.61 0.452E-37 0.835E+00 0.452E-37 0.452E-37 0.452E-37 0.452E-37 0.452E-37 0.452E-37 0.163E+00 0.462E-12 0.148E-02 0.452E-37 0.829E-04 0.199E-32 0.452E-37 0.749E-10 0.452E-37 0.452E-37 0.452E-37 0.452E-37 0.452E-37 0.452E-37 0.452E-37
 28  0.11220E-01  124.78 0.452E-37 0.835E+00 0.452E-37 0.452E-37 0.452E-37 0.452E-37 0.452E-37 0.452E-37 0.163E+00 0.119E-11 0.148E-02 0.452E-37 0.127E-03 0.483E-31 0.452E-37 0.169E-09 0.452E-37 0.452E-37 0.452E-37 0.452E-37 0.452E-37 0.452E-37 0.452E-37
 29  0.15849E-01  129.64 0.452E-37 0.835E+00 0.452E-37 0.452E-37 0.452E-37 0.452E-37 0.452E-37 0.452E-37 0.163E+00 0.538E-11 0.148E-02 0.452E-37 0.267E-03 0.404E-29 0.452E-37 0.635E-09 0.452E-37 0.452E-37 0.452E-37 0.452E-37 0.452E-37 0.452E-37 0.452E-37
 30  0.22387E-01  132.92 0.452E-37 0.835E+00 0.452E-37 0.452E-37 0.452E-37 0.452E-37 0.452E-37 0.452E-37 0.163E+00 0.123E-10 0.148E-02 0.452E-37 0.263E-03 0.116E-28 0.452E-37 0.129E-08 0.452E-37 0.452E-37 0.452E-37 0.452E-37 0.452E-37 0.452E-37 0.452E-37
 31  0.31623E-01  134.75 0.452E-37 0.835E+00 0.452E-37 0.452E-37 0.452E-37 0.452E-37 0.452E-37 0.452E-37 0.163E+00 0.164E-10 0.148E-02 0.452E-37 0.256E-03 0.150E-28 0.452E-37 0.162E-08 0.452E-37 0.452E-37 0.452E-37 0.452E-37 0.452E-37 0.452E-37 0.452E-37
 32  0.44668E-01  136.11 0.452E-37 0.835E+00 0.452E-37 0.452E-37 0.452E-37 0.452E-37 0.452E-37 0.452E-37 0.163E+00 0.183E-10 0.148E-02 0.452E-37 0.250E-03 0.148E-28 0.452E-37 0.173E-08 0.452E-37 0.452E-37 0.452E-37 0.452E-37 0.452E-37 0.452E-37 0.452E-37
 33  0.63096E-01  137.26 0.452E-37 0.835E+00 0.452E-37 0.452E-37 0.452E-37 0.452E-37 0.452E-37 0.452E-37 0.163E+00 0.190E-10 0.148E-02 0.452E-37 0.255E-03 0.115E-28 0.452E-37 0.172E-08 0.452E-37 0.452E-37 0.452E-37 0.452E-37 0.452E-37 0.452E-37 0.452E-37
 34  0.89125E-01  138.70 0.452E-37 0.835E+00 0.452E-37 0.452E-37 0.452E-37 0.452E-37 0.452E-37 0.452E-37 0.163E+00 0.214E-10 0.148E-02 0.452E-37 0.292E-03 0.116E-28 0.452E-37 0.185E-08 0.452E-37 0.452E-37 0.452E-37 0.452E-37 0.452E-37 0.452E-37 0.452E-37
 35  0.12589E+00  142.80 0.452E-37 0.835E+00 0.452E-37 0.452E-37 0.452E-37 0.452E-37 0.452E-37 0.452E-37 0.163E+00 0.544E-10 0.148E-02 0.452E-37 0.325E-03 0.980E-28 0.452E-37 0.414E-08 0.452E-37 0.452E-37 0.452E-37 0.452E-37 0.452E-37 0.452E-37 0.452E-37
 36  0.17783E+00  148.60 0.452E-37 0.835E+00 0.452E-37 0.452E-37 0.452E-37 0.452E-37 0.452E-37 0.452E-37 0.163E+00 0.208E-09 0.148E-02 0.452E-37 0.394E-03 0.386E-26 0.452E-37 0.134E-07 0.452E-37 0.452E-37 0.452E-37 0.452E-37 0.452E-37 0.452E-37 0.452E-37
 37  0.25119E+00  157.65 0.452E-37 0.835E+00 0.452E-37 0.452E-37 0.452E-37 0.452E-37 0.452E-37 0.452E-37 0.163E+00 0.160E-08 0.148E-02 0.452E-37 0.436E-03 0.164E-24 0.452E-37 0.806E-07 0.452E-37 0.452E-37 0.452E-37 0.452E-37 0.452E-37 0.452E-37 0.452E-37
 38  0.35481E+00  170.99 0.452E-37 0.835E+00 0.452E-37 0.452E-37 0.452E-37 0.452E-37 0.452E-37 0.452E-37 0.163E+00 0.241E-07 0.148E-02 0.452E-37 0.436E-03 0.137E-22 0.452E-37 0.892E-06 0.452E-37 0.452E-37 0.452E-37 0.452E-37 0.452E-37 0.452E-37 0.452E-37
 39  0.50119E+00  191.07 0.452E-37 0.835E+00 0.452E-37 0.452E-37 0.452E-37 0.452E-37 0.452E-37 0.452E-37 0.163E+00 0.756E-06 0.148E-02 0.452E-37 0.436E-03 0.415E-20 0.452E-37 0.187E-04 0.452E-37 0.452E-37 0.452E-37 0.452E-37 0.452E-37 0.452E-37 0.452E-37
 40  0.70795E+00  213.19 0.452E-37 0.835E+00 0.452E-37 0.452E-37 0.452E-37 0.452E-37 0.452E-37 0.452E-37 0.163E+00 0.153E-04 0.148E-02 0.452E-37 0.436E-03 0.634E-18 0.452E-37 0.807E-04 0.452E-37 0.452E-37 0.452E-37 0.452E-37 0.452E-37 0.452E-37 0.452E-37
 41  0.10000E+01  237.50 0.451E-37 0.835E+00 0.451E-37 0.451E-37 0.451E-37 0.451E-37 0.451E-37 0.228E-36 0.163E+00 0.210E-03 0.148E-02 0.451E-37 0.436E-03 0.530E-16 0.451E-37 0.807E-04 0.451E-37 0.451E-37 0.451E-37 0.451E-37 0.451E-37 0.451E-37 0.451E-37
 42  0.14125E+01  264.21 0.451E-37 0.833E+00 0.451E-37 0.451E-37 0.451E-37 0.451E-37 0.451E-37 0.148E-31 0.163E+00 0.172E-02 0.148E-02 0.823E-35 0.435E-03 0.262E-14 0.108E-35 0.805E-04 0.451E-37 0.451E-37 0.451E-37 0.451E-37 0.451E-37 0.451E-37 0.451E-37
 43  0.19953E+01  293.57 0.450E-37 0.833E+00 0.400E-36 0.450E-37 0.450E-37 0.450E-37 0.450E-37 0.318E-28 0.163E+00 0.259E-02 0.147E-02 0.753E-31 0.435E-03 0.825E-13 0.119E-31 0.804E-04 0.450E-37 0.450E-37 0.450E-37 0.450E-37 0.450E-37 0.450E-37 0.450E-37
 44  0.28184E+01  325.90 0.450E-37 0.833E+00 0.238E-32 0.450E-37 0.450E-37 0.450E-37 0.450E-37 0.132E-25 0.163E+00 0.259E-02 0.147E-02 0.166E-27 0.434E-03 0.176E-11 0.508E-28 0.804E-04 0.450E-37 0.450E-37 0.450E-37 0.450E-37 0.450E-37 0.450E-37 0.450E-37
 45  0.39811E+01  361.57 0.450E-37 0.833E+00 0.566E-29 0.450E-37 0.450E-37 0.450E-37 0.450E-37 0.274E-23 0.163E+00 0.259E-02 0.147E-02 0.153E-24 0.434E-03 0.269E-10 0.785E-25 0.804E-04 0.450E-37 0.450E-37 0.450E-37 0.450E-37 0.450E-37 0.450E-37 0.450E-37
 46  0.56234E+01  400.99 0.450E-37 0.833E+00 0.603E-26 0.450E-37 0.450E-37 0.450E-37 0.450E-37 0.293E-21 0.163E+00 0.259E-02 0.147E-02 0.630E-22 0.434E-03 0.304E-09 0.566E-22 0.804E-04 0.450E-37 0.156E-27 0.456E-37 0.488E-37 0.472E-37 0.450E-37 0.450E-37
 47  0.79433E+01  444.60 0.450E-37 0.833E+00 0.317E-23 0.450E-37 0.450E-37 0.450E-37 0.450E-37 0.225E-19 0.163E+00 0.259E-02 0.147E-02 0.159E-19 0.434E-03 0.265E-08 0.206E-19 0.804E-04 0.450E-37 0.393E-24 0.500E-35 0.361E-34 0.165E-34 0.450E-37 0.450E-37
 48  0.10000E+02  476.23 0.450E-37 0.833E+00 0.145E-21 0.450E-37 0.450E-37 0.450E-37 0.450E-37 0.315E-18 0.163E+00 0.259E-02 0.147E-02 0.458E-18 0.434E-03 0.980E-08 0.750E-18 0.804E-04 0.504E-37 0.456E-22 0.662E-32 0.493E-31 0.236E-31 0.450E-37 0.450E-37
 49  0.15849E+02  546.37 0.257E-34 0.833E+00 0.141E-18 0.450E-37 0.450E-37 0.450E-37 0.450E-37 0.368E-16 0.163E+00 0.259E-02 0.147E-02 0.193E-15 0.434E-03 0.101E-06 0.473E-15 0.804E-04 0.118E-32 0.223E-18 0.382E-26 0.209E-25 0.109E-25 0.904E-36 0.448E-35
 50  0.22387E+02  605.57 0.600E-31 0.833E+00 0.134E-16 0.450E-37 0.450E-37 0.450E-37 0.450E-37 0.842E-15 0.163E+00 0.259E-02 0.147E-02 0.103E-13 0.431E-03 0.449E-06 0.338E-13 0.804E-04 0.625E-29 0.591E-16 0.259E-22 0.116E-21 0.356E-22 0.427E-33 0.447E-32
 51  0.31623E+02  671.10 0.272E-27 0.833E+00 0.804E-15 0.450E-37 0.725E-36 0.186E-36 0.450E-37 0.138E-13 0.163E+00 0.259E-02 0.147E-02 0.356E-12 0.429E-03 0.166E-05 0.156E-11 0.804E-04 0.136E-25 0.853E-14 0.799E-19 0.297E-18 0.208E-19 0.207E-29 0.177E-28
 52  0.44668E+02  743.53 0.371E-24 0.833E+00 0.318E-13 0.450E-37 0.339E-32 0.448E-34 0.156E-36 0.168E-12 0.163E+00 0.259E-02 0.147E-02 0.835E-11 0.415E-03 0.492E-05 0.488E-10 0.804E-04 0.131E-22 0.708E-12 0.135E-15 0.217E-15 0.153E-17 0.420E-26 0.298E-25
 53  0.63096E+02  823.49 0.353E-21 0.833E+00 0.860E-12 0.450E-37 0.304E-28 0.573E-30 0.705E-34 0.153E-11 0.163E+00 0.259E-02 0.147E-02 0.137E-09 0.387E-03 0.115E-04 0.107E-08 0.804E-04 0.605E-20 0.356E-10 0.127E-12 0.162E-13 0.897E-16 0.384E-23 0.231E-22
 54  0.89125E+02  911.56 0.223E-18 0.833E+00 0.165E-10 0.450E-37 0.144E-24 0.264E-26 0.104E-29 0.108E-10 0.163E+00 0.259E-02 0.147E-02 0.160E-08 0.371E-03 0.244E-04 0.170E-07 0.804E-04 0.142E-17 0.114E-08 0.544E-10 0.547E-12 0.371E-14 0.171E-20 0.887E-20
 55  0.12589E+03 1008.30 0.614E-16 0.833E+00 0.230E-09 0.450E-37 0.243E-21 0.478E-23 0.534E-26 0.592E-10 0.163E+00 0.259E-02 0.147E-02 0.137E-07 0.335E-03 0.401E-04 0.196E-06 0.804E-04 0.178E-15 0.242E-07 0.651E-08 0.116E-10 0.955E-13 0.390E-18 0.160E-17
 56  0.17783E+03 1114.27 0.294E-14 0.833E+00 0.242E-08 0.450E-37 0.589E-19 0.372E-20 0.105E-22 0.260E-09 0.163E+00 0.259E-02 0.147E-02 0.887E-07 0.293E-03 0.541E-04 0.117E-05 0.808E-04 0.126E-13 0.351E-06 0.635E-07 0.108E-09 0.114E-11 0.481E-16 0.662E-16
 57  0.25119E+03 1229.88 0.591E-13 0.833E+00 0.196E-07 0.450E-37 0.506E-17 0.135E-17 0.872E-20 0.920E-09 0.163E+00 0.259E-02 0.147E-02 0.439E-06 0.271E-03 0.719E-04 0.167E-05 0.830E-04 0.528E-12 0.322E-05 0.222E-06 0.409E-09 0.616E-11 0.342E-14 0.719E-14
 58  0.35481E+03 1355.56 0.618E-12 0.833E+00 0.125E-06 0.450E-37 0.194E-15 0.245E-15 0.330E-17 0.268E-08 0.163E+00 0.259E-02 0.147E-02 0.171E-05 0.262E-03 0.929E-04 0.164E-05 0.863E-04 0.141E-10 0.102E-04 0.373E-06 0.712E-09 0.148E-10 0.150E-12 0.393E-12
 59  0.50119E+03 1491.77 0.419E-11 0.833E+00 0.650E-06 0.450E-37 0.421E-14 0.239E-13 0.616E-15 0.685E-08 0.163E+00 0.263E-02 0.151E-02 0.554E-05 0.260E-03 0.114E-03 0.160E-05 0.863E-04 0.253E-09 0.103E-04 0.431E-06 0.816E-09 0.201E-10 0.429E-11 0.123E-10
 60  0.70795E+03 1638.97 0.224E-10 0.833E+00 0.279E-05 0.978E-37 0.638E-13 0.130E-11 0.590E-13 0.189E-07 0.163E+00 0.283E-02 0.175E-02 0.176E-04 0.262E-03 0.132E-03 0.155E-05 0.863E-04 0.316E-08 0.104E-04 0.484E-06 0.916E-09 0.264E-10 0.835E-10 0.241E-09
 61  0.10000E+04 1797.62 0.997E-10 0.832E+00 0.101E-04 0.349E-34 0.721E-12 0.426E-10 0.305E-11 0.636E-07 0.163E+00 0.323E-02 0.255E-02 0.625E-04 0.271E-03 0.146E-03 0.152E-05 0.866E-04 0.286E-07 0.105E-04 0.543E-06 0.103E-08 0.351E-10 0.115E-08 0.321E-08
