   25.000000000000000     
  1  0.10000E-05  191.31 0.450E-37 0.833E+00 0.450E-37 0.450E-37 0.450E-37 0.450E-37 0.450E-37 0.233E-31 0.163E+00 0.260E-02 0.147E-02 0.755E-37 0.435E-03 0.111E-08 0.450E-37 0.805E-04 0.450E-37 0.450E-37 0.450E-37 0.450E-37 0.450E-37 0.450E-37 0.450E-37
  2  0.14100E-05  188.39 0.450E-37 0.833E+00 0.450E-37 0.450E-37 0.450E-37 0.450E-37 0.450E-37 0.234E-32 0.163E+00 0.260E-02 0.147E-02 0.450E-37 0.435E-03 0.240E-09 0.450E-37 0.805E-04 0.450E-37 0.450E-37 0.450E-37 0.450E-37 0.450E-37 0.450E-37 0.450E-37
  3  0.20000E-05  185.91 0.450E-37 0.833E+00 0.450E-37 0.450E-37 0.450E-37 0.450E-37 0.450E-37 0.284E-33 0.163E+00 0.260E-02 0.147E-02 0.450E-37 0.435E-03 0.569E-10 0.450E-37 0.805E-04 0.450E-37 0.450E-37 0.450E-37 0.450E-37 0.450E-37 0.450E-37 0.450E-37
  4  0.28200E-05  183.65 0.450E-37 0.833E+00 0.450E-37 0.450E-37 0.450E-37 0.450E-37 0.450E-37 0.382E-34 0.163E+00 0.260E-02 0.147E-02 0.450E-37 0.435E-03 0.144E-10 0.450E-37 0.805E-04 0.450E-37 0.450E-37 0.450E-37 0.450E-37 0.450E-37 0.450E-37 0.450E-37
  5  0.39800E-05  181.26 0.450E-37 0.833E+00 0.450E-37 0.450E-37 0.450E-37 0.450E-37 0.450E-37 0.459E-35 0.163E+00 0.260E-02 0.147E-02 0.450E-37 0.435E-03 0.340E-11 0.450E-37 0.805E-04 0.450E-37 0.450E-37 0.450E-37 0.450E-37 0.450E-37 0.450E-37 0.450E-37
  6  0.56200E-05  179.12 0.450E-37 0.833E+00 0.450E-37 0.450E-37 0.450E-37 0.450E-37 0.450E-37 0.819E-36 0.163E+00 0.244E-02 0.147E-02 0.450E-37 0.435E-03 0.858E-12 0.450E-37 0.805E-04 0.450E-37 0.450E-37 0.450E-37 0.450E-37 0.450E-37 0.450E-37 0.450E-37
  7  0.79400E-05  177.69 0.450E-37 0.833E+00 0.450E-37 0.450E-37 0.450E-37 0.450E-37 0.450E-37 0.310E-36 0.163E+00 0.204E-02 0.147E-02 0.450E-37 0.435E-03 0.270E-12 0.450E-37 0.805E-04 0.450E-37 0.450E-37 0.450E-37 0.450E-37 0.450E-37 0.450E-37 0.450E-37
  8  0.11220E-04  176.72 0.451E-37 0.833E+00 0.451E-37 0.451E-37 0.451E-37 0.451E-37 0.451E-37 0.155E-36 0.163E+00 0.160E-02 0.148E-02 0.451E-37 0.435E-03 0.978E-13 0.451E-37 0.805E-04 0.451E-37 0.451E-37 0.451E-37 0.451E-37 0.451E-37 0.451E-37 0.451E-37
  9  0.15850E-04  176.19 0.451E-37 0.834E+00 0.451E-37 0.451E-37 0.451E-37 0.451E-37 0.451E-37 0.945E-37 0.163E+00 0.121E-02 0.148E-02 0.451E-37 0.435E-03 0.412E-13 0.451E-37 0.805E-04 0.451E-37 0.451E-37 0.451E-37 0.451E-37 0.451E-37 0.451E-37 0.451E-37
 10  0.22390E-04  176.12 0.451E-37 0.834E+00 0.451E-37 0.451E-37 0.451E-37 0.451E-37 0.451E-37 0.630E-37 0.163E+00 0.970E-03 0.148E-02 0.451E-37 0.435E-03 0.201E-13 0.451E-37 0.806E-04 0.451E-37 0.451E-37 0.451E-37 0.451E-37 0.451E-37 0.451E-37 0.451E-37
 11  0.31620E-04  176.44 0.451E-37 0.834E+00 0.451E-37 0.451E-37 0.451E-37 0.451E-37 0.451E-37 0.451E-37 0.163E+00 0.823E-03 0.148E-02 0.451E-37 0.435E-03 0.113E-13 0.451E-37 0.806E-04 0.451E-37 0.451E-37 0.451E-37 0.451E-37 0.451E-37 0.451E-37 0.451E-37
 12  0.44670E-04  177.08 0.451E-37 0.834E+00 0.451E-37 0.451E-37 0.451E-37 0.451E-37 0.451E-37 0.451E-37 0.163E+00 0.661E-03 0.148E-02 0.451E-37 0.435E-03 0.698E-14 0.451E-37 0.806E-04 0.451E-37 0.451E-37 0.451E-37 0.451E-37 0.451E-37 0.451E-37 0.451E-37
 13  0.63100E-04  177.84 0.451E-37 0.834E+00 0.451E-37 0.451E-37 0.451E-37 0.451E-37 0.451E-37 0.451E-37 0.163E+00 0.543E-03 0.148E-02 0.451E-37 0.435E-03 0.449E-14 0.451E-37 0.806E-04 0.451E-37 0.451E-37 0.451E-37 0.451E-37 0.451E-37 0.451E-37 0.451E-37
 14  0.89120E-04  178.44 0.451E-37 0.834E+00 0.451E-37 0.451E-37 0.451E-37 0.451E-37 0.451E-37 0.451E-37 0.163E+00 0.432E-03 0.148E-02 0.451E-37 0.436E-03 0.274E-14 0.451E-37 0.806E-04 0.451E-37 0.451E-37 0.451E-37 0.451E-37 0.451E-37 0.451E-37 0.451E-37
 15  0.12589E-03  178.44 0.451E-37 0.835E+00 0.451E-37 0.451E-37 0.451E-37 0.451E-37 0.451E-37 0.451E-37 0.163E+00 0.306E-03 0.148E-02 0.451E-37 0.436E-03 0.138E-14 0.451E-37 0.806E-04 0.451E-37 0.451E-37 0.451E-37 0.451E-37 0.451E-37 0.451E-37 0.451E-37
 16  0.17783E-03  177.80 0.451E-37 0.835E+00 0.451E-37 0.451E-37 0.451E-37 0.451E-37 0.451E-37 0.451E-37 0.163E+00 0.191E-03 0.148E-02 0.451E-37 0.436E-03 0.559E-15 0.451E-37 0.806E-04 0.451E-37 0.451E-37 0.451E-37 0.451E-37 0.451E-37 0.451E-37 0.451E-37
 17  0.25119E-03  176.80 0.451E-37 0.835E+00 0.451E-37 0.451E-37 0.451E-37 0.451E-37 0.451E-37 0.451E-37 0.163E+00 0.111E-03 0.148E-02 0.451E-37 0.436E-03 0.201E-15 0.451E-37 0.806E-04 0.451E-37 0.451E-37 0.451E-37 0.451E-37 0.451E-37 0.451E-37 0.451E-37
 18  0.35481E-03  175.57 0.451E-37 0.835E+00 0.451E-37 0.451E-37 0.451E-37 0.451E-37 0.451E-37 0.451E-37 0.163E+00 0.616E-04 0.148E-02 0.451E-37 0.436E-03 0.667E-16 0.451E-37 0.807E-04 0.451E-37 0.451E-37 0.451E-37 0.451E-37 0.451E-37 0.451E-37 0.451E-37
 19  0.50119E-03  174.22 0.451E-37 0.835E+00 0.451E-37 0.451E-37 0.451E-37 0.451E-37 0.451E-37 0.451E-37 0.163E+00 0.332E-04 0.148E-02 0.451E-37 0.436E-03 0.211E-16 0.451E-37 0.807E-04 0.451E-37 0.451E-37 0.451E-37 0.451E-37 0.451E-37 0.451E-37 0.451E-37
 20  0.70795E-03  172.83 0.451E-37 0.835E+00 0.451E-37 0.451E-37 0.451E-37 0.451E-37 0.451E-37 0.451E-37 0.163E+00 0.177E-04 0.148E-02 0.451E-37 0.436E-03 0.656E-17 0.451E-37 0.807E-04 0.451E-37 0.451E-37 0.451E-37 0.451E-37 0.451E-37 0.451E-37 0.451E-37
 21  0.10000E-02  171.35 0.451E-37 0.835E+00 0.451E-37 0.451E-37 0.451E-37 0.451E-37 0.451E-37 0.451E-37 0.163E+00 0.921E-05 0.148E-02 0.451E-37 0.436E-03 0.196E-17 0.451E-37 0.807E-04 0.451E-37 0.451E-37 0.451E-37 0.451E-37 0.451E-37 0.451E-37 0.451E-37
 22  0.14125E-02  169.84 0.451E-37 0.835E+00 0.451E-37 0.451E-37 0.451E-37 0.451E-37 0.451E-37 0.451E-37 0.163E+00 0.473E-05 0.148E-02 0.451E-37 0.436E-03 0.573E-18 0.451E-37 0.792E-04 0.451E-37 0.451E-37 0.451E-37 0.451E-37 0.451E-37 0.451E-37 0.451E-37
 23  0.19953E-02  168.45 0.451E-37 0.835E+00 0.451E-37 0.451E-37 0.451E-37 0.451E-37 0.451E-37 0.451E-37 0.163E+00 0.248E-05 0.148E-02 0.451E-37 0.436E-03 0.174E-18 0.451E-37 0.642E-04 0.451E-37 0.451E-37 0.451E-37 0.451E-37 0.451E-37 0.451E-37 0.451E-37
 24  0.28184E-02  167.32 0.451E-37 0.835E+00 0.451E-37 0.451E-37 0.451E-37 0.451E-37 0.451E-37 0.451E-37 0.163E+00 0.137E-05 0.148E-02 0.451E-37 0.436E-03 0.574E-19 0.451E-37 0.495E-04 0.451E-37 0.451E-37 0.451E-37 0.451E-37 0.451E-37 0.451E-37 0.451E-37
 25  0.39811E-02  166.67 0.452E-37 0.835E+00 0.452E-37 0.452E-37 0.452E-37 0.452E-37 0.452E-37 0.452E-37 0.163E+00 0.841E-06 0.148E-02 0.452E-37 0.436E-03 0.226E-19 0.452E-37 0.329E-04 0.452E-37 0.452E-37 0.452E-37 0.452E-37 0.452E-37 0.452E-37 0.452E-37
 26  0.56234E-02  166.63 0.452E-37 0.835E+00 0.452E-37 0.452E-37 0.452E-37 0.452E-37 0.452E-37 0.452E-37 0.163E+00 0.590E-06 0.148E-02 0.452E-37 0.436E-03 0.112E-19 0.452E-37 0.234E-04 0.452E-37 0.452E-37 0.452E-37 0.452E-37 0.452E-37 0.452E-37 0.452E-37
 27  0.79433E-02  167.31 0.452E-37 0.835E+00 0.452E-37 0.452E-37 0.452E-37 0.452E-37 0.452E-37 0.452E-37 0.163E+00 0.486E-06 0.148E-02 0.452E-37 0.436E-03 0.721E-20 0.452E-37 0.193E-04 0.452E-37 0.452E-37 0.452E-37 0.452E-37 0.452E-37 0.452E-37 0.452E-37
 28  0.11220E-01  168.64 0.452E-37 0.835E+00 0.452E-37 0.452E-37 0.452E-37 0.452E-37 0.452E-37 0.452E-37 0.163E+00 0.460E-06 0.148E-02 0.452E-37 0.436E-03 0.588E-20 0.452E-37 0.179E-04 0.452E-37 0.452E-37 0.452E-37 0.452E-37 0.452E-37 0.452E-37 0.452E-37
 29  0.15849E-01  169.89 0.452E-37 0.835E+00 0.452E-37 0.452E-37 0.452E-37 0.452E-37 0.452E-37 0.452E-37 0.163E+00 0.426E-06 0.148E-02 0.452E-37 0.436E-03 0.463E-20 0.452E-37 0.162E-04 0.452E-37 0.452E-37 0.452E-37 0.452E-37 0.452E-37 0.452E-37 0.452E-37
 30  0.22387E-01  170.35 0.452E-37 0.835E+00 0.452E-37 0.452E-37 0.452E-37 0.452E-37 0.452E-37 0.452E-37 0.163E+00 0.333E-06 0.148E-02 0.452E-37 0.436E-03 0.273E-20 0.452E-37 0.124E-04 0.452E-37 0.452E-37 0.452E-37 0.452E-37 0.452E-37 0.452E-37 0.452E-37
 31  0.31623E-01  170.17 0.452E-37 0.835E+00 0.452E-37 0.452E-37 0.452E-37 0.452E-37 0.452E-37 0.452E-37 0.163E+00 0.227E-06 0.148E-02 0.452E-37 0.436E-03 0.129E-20 0.452E-37 0.856E-05 0.452E-37 0.452E-37 0.452E-37 0.452E-37 0.452E-37 0.452E-37 0.452E-37
 32  0.44668E-01  170.14 0.452E-37 0.835E+00 0.452E-37 0.452E-37 0.452E-37 0.452E-37 0.452E-37 0.452E-37 0.163E+00 0.160E-06 0.148E-02 0.452E-37 0.436E-03 0.638E-21 0.452E-37 0.602E-05 0.452E-37 0.452E-37 0.452E-37 0.452E-37 0.452E-37 0.452E-37 0.452E-37
 33  0.63096E-01  170.81 0.452E-37 0.835E+00 0.452E-37 0.452E-37 0.452E-37 0.452E-37 0.452E-37 0.452E-37 0.163E+00 0.130E-06 0.148E-02 0.452E-37 0.436E-03 0.406E-21 0.452E-37 0.484E-05 0.452E-37 0.452E-37 0.452E-37 0.452E-37 0.452E-37 0.452E-37 0.452E-37
 34  0.89125E-01  172.49 0.452E-37 0.835E+00 0.452E-37 0.452E-37 0.452E-37 0.452E-37 0.452E-37 0.452E-37 0.163E+00 0.131E-06 0.148E-02 0.452E-37 0.436E-03 0.368E-21 0.452E-37 0.470E-05 0.452E-37 0.452E-37 0.452E-37 0.452E-37 0.452E-37 0.452E-37 0.452E-37
 35  0.12589E+00  175.62 0.452E-37 0.835E+00 0.452E-37 0.452E-37 0.452E-37 0.452E-37 0.452E-37 0.452E-37 0.163E+00 0.175E-06 0.148E-02 0.452E-37 0.436E-03 0.539E-21 0.452E-37 0.591E-05 0.452E-37 0.452E-37 0.452E-37 0.452E-37 0.452E-37 0.452E-37 0.452E-37
 36  0.17783E+00  181.08 0.452E-37 0.835E+00 0.452E-37 0.452E-37 0.452E-37 0.452E-37 0.452E-37 0.452E-37 0.163E+00 0.359E-06 0.148E-02 0.452E-37 0.436E-03 0.161E-20 0.452E-37 0.108E-04 0.452E-37 0.452E-37 0.452E-37 0.452E-37 0.452E-37 0.452E-37 0.452E-37
 37  0.25119E+00  189.62 0.452E-37 0.835E+00 0.452E-37 0.452E-37 0.452E-37 0.452E-37 0.452E-37 0.452E-37 0.163E+00 0.118E-05 0.148E-02 0.452E-37 0.436E-03 0.109E-19 0.452E-37 0.305E-04 0.452E-37 0.452E-37 0.452E-37 0.452E-37 0.452E-37 0.452E-37 0.452E-37
 38  0.35481E+00  210.64 0.452E-37 0.835E+00 0.452E-37 0.452E-37 0.452E-37 0.452E-37 0.452E-37 0.452E-37 0.163E+00 0.215E-04 0.148E-02 0.452E-37 0.436E-03 0.138E-17 0.452E-37 0.807E-04 0.452E-37 0.452E-37 0.452E-37 0.452E-37 0.452E-37 0.452E-37 0.452E-37
 39  0.50119E+00  234.71 0.451E-37 0.834E+00 0.451E-37 0.451E-37 0.451E-37 0.451E-37 0.451E-37 0.665E-36 0.163E+00 0.308E-03 0.148E-02 0.451E-37 0.436E-03 0.123E-15 0.451E-37 0.806E-04 0.451E-37 0.451E-37 0.451E-37 0.451E-37 0.451E-37 0.451E-37 0.451E-37
 40  0.70795E+00  261.14 0.451E-37 0.833E+00 0.451E-37 0.451E-37 0.451E-37 0.451E-37 0.451E-37 0.400E-31 0.163E+00 0.219E-02 0.148E-02 0.139E-34 0.435E-03 0.643E-14 0.225E-36 0.805E-04 0.451E-37 0.451E-37 0.451E-37 0.451E-37 0.451E-37 0.451E-37 0.451E-37
 41  0.10000E+01  290.19 0.450E-37 0.833E+00 0.200E-36 0.450E-37 0.450E-37 0.450E-37 0.450E-37 0.576E-28 0.163E+00 0.260E-02 0.147E-02 0.112E-30 0.435E-03 0.212E-12 0.258E-32 0.805E-04 0.450E-37 0.450E-37 0.450E-37 0.450E-37 0.450E-37 0.450E-37 0.450E-37
 42  0.14125E+01  322.18 0.450E-37 0.833E+00 0.132E-32 0.450E-37 0.450E-37 0.450E-37 0.450E-37 0.260E-25 0.163E+00 0.259E-02 0.147E-02 0.274E-27 0.434E-03 0.471E-11 0.131E-28 0.804E-04 0.450E-37 0.450E-37 0.450E-37 0.450E-37 0.450E-37 0.450E-37 0.450E-37
 43  0.19953E+01  357.46 0.450E-37 0.833E+00 0.347E-29 0.450E-37 0.450E-37 0.450E-37 0.450E-37 0.579E-23 0.163E+00 0.259E-02 0.147E-02 0.276E-24 0.434E-03 0.746E-10 0.223E-25 0.804E-04 0.450E-37 0.450E-37 0.450E-37 0.450E-37 0.450E-37 0.450E-37 0.450E-37
 44  0.28184E+01  396.44 0.450E-37 0.833E+00 0.402E-26 0.450E-37 0.450E-37 0.450E-37 0.450E-37 0.663E-21 0.163E+00 0.259E-02 0.147E-02 0.123E-21 0.434E-03 0.871E-09 0.173E-22 0.804E-04 0.450E-37 0.123E-28 0.450E-37 0.450E-37 0.450E-37 0.450E-37 0.450E-37
 45  0.39811E+01  439.56 0.450E-37 0.833E+00 0.227E-23 0.450E-37 0.450E-37 0.450E-37 0.450E-37 0.525E-19 0.163E+00 0.259E-02 0.147E-02 0.327E-19 0.434E-03 0.780E-08 0.679E-20 0.804E-04 0.450E-37 0.332E-24 0.340E-35 0.275E-34 0.125E-34 0.450E-37 0.450E-37
 46  0.56234E+01  487.31 0.450E-37 0.833E+00 0.678E-21 0.450E-37 0.450E-37 0.450E-37 0.450E-37 0.270E-17 0.163E+00 0.259E-02 0.147E-02 0.494E-17 0.434E-03 0.548E-07 0.144E-17 0.804E-04 0.179E-36 0.397E-21 0.186E-30 0.131E-29 0.635E-30 0.450E-37 0.450E-37
 47  0.79433E+01  540.18 0.215E-34 0.833E+00 0.114E-18 0.450E-37 0.450E-37 0.450E-37 0.450E-37 0.940E-16 0.163E+00 0.259E-02 0.147E-02 0.447E-15 0.432E-03 0.308E-06 0.176E-15 0.804E-04 0.825E-33 0.222E-18 0.370E-26 0.207E-25 0.107E-25 0.760E-36 0.309E-35
 48  0.10000E+02  578.54 0.279E-32 0.833E+00 0.260E-17 0.450E-37 0.450E-37 0.450E-37 0.450E-37 0.801E-15 0.163E+00 0.259E-02 0.147E-02 0.682E-14 0.432E-03 0.866E-06 0.332E-14 0.804E-04 0.299E-30 0.103E-16 0.153E-23 0.747E-23 0.357E-23 0.101E-34 0.117E-33
 49  0.15849E+02  663.54 0.258E-27 0.833E+00 0.724E-15 0.450E-37 0.310E-36 0.129E-36 0.450E-37 0.380E-13 0.163E+00 0.259E-02 0.147E-02 0.905E-12 0.414E-03 0.497E-05 0.642E-12 0.804E-04 0.117E-25 0.974E-14 0.100E-18 0.344E-18 0.198E-19 0.118E-29 0.103E-28
 50  0.22387E+02  735.18 0.445E-24 0.833E+00 0.299E-13 0.450E-37 0.226E-32 0.283E-34 0.995E-37 0.475E-12 0.163E+00 0.259E-02 0.147E-02 0.221E-10 0.388E-03 0.140E-04 0.209E-10 0.804E-04 0.123E-22 0.857E-12 0.196E-15 0.320E-15 0.159E-17 0.261E-26 0.190E-25
 51  0.31623E+02  814.28 0.442E-21 0.833E+00 0.843E-12 0.450E-37 0.217E-28 0.409E-30 0.439E-34 0.449E-11 0.163E+00 0.259E-02 0.147E-02 0.376E-09 0.356E-03 0.324E-04 0.474E-09 0.804E-04 0.612E-20 0.455E-10 0.210E-12 0.192E-13 0.103E-15 0.261E-23 0.160E-22
 52  0.44668E+02  901.43 0.372E-18 0.833E+00 0.167E-10 0.450E-37 0.141E-24 0.210E-26 0.733E-30 0.324E-10 0.163E+00 0.259E-02 0.147E-02 0.456E-08 0.297E-03 0.529E-04 0.783E-08 0.804E-04 0.154E-17 0.153E-08 0.110E-09 0.709E-12 0.471E-14 0.125E-20 0.659E-20
 53  0.63096E+02  997.21 0.882E-16 0.833E+00 0.242E-09 0.450E-37 0.209E-21 0.420E-23 0.421E-26 0.183E-09 0.163E+00 0.259E-02 0.147E-02 0.405E-07 0.249E-03 0.758E-04 0.955E-07 0.804E-04 0.207E-15 0.339E-07 0.931E-08 0.157E-10 0.127E-12 0.307E-18 0.142E-17
 54  0.89125E+02 1102.14 0.421E-14 0.833E+00 0.262E-08 0.450E-37 0.514E-19 0.358E-20 0.919E-23 0.822E-09 0.163E+00 0.259E-02 0.147E-02 0.270E-06 0.217E-03 0.103E-03 0.779E-06 0.807E-04 0.155E-13 0.511E-06 0.866E-07 0.148E-09 0.155E-11 0.404E-16 0.527E-16
 55  0.12589E+03 1216.65 0.814E-13 0.833E+00 0.218E-07 0.450E-37 0.432E-17 0.140E-17 0.832E-20 0.297E-08 0.163E+00 0.259E-02 0.147E-02 0.137E-05 0.182E-03 0.115E-03 0.165E-05 0.832E-04 0.688E-12 0.450E-05 0.273E-06 0.506E-09 0.796E-11 0.304E-14 0.619E-14
 56  0.17783E+03 1341.20 0.799E-12 0.833E+00 0.143E-06 0.450E-37 0.158E-15 0.274E-15 0.343E-17 0.871E-08 0.163E+00 0.258E-02 0.146E-02 0.542E-05 0.160E-03 0.124E-03 0.162E-05 0.863E-04 0.193E-10 0.104E-04 0.401E-06 0.759E-09 0.162E-10 0.140E-12 0.361E-12
 57  0.25119E+03 1476.22 0.538E-11 0.833E+00 0.759E-06 0.450E-37 0.345E-14 0.288E-13 0.698E-15 0.210E-07 0.163E+00 0.256E-02 0.144E-02 0.170E-04 0.150E-03 0.137E-03 0.155E-05 0.863E-04 0.359E-09 0.105E-04 0.456E-06 0.860E-09 0.218E-10 0.419E-11 0.119E-10
 58  0.35481E+03 1622.18 0.288E-10 0.833E+00 0.333E-05 0.808E-37 0.530E-13 0.172E-11 0.749E-13 0.451E-07 0.163E+00 0.258E-02 0.146E-02 0.451E-04 0.146E-03 0.149E-03 0.146E-05 0.862E-04 0.466E-08 0.106E-04 0.511E-06 0.966E-09 0.289E-10 0.849E-10 0.245E-09
 59  0.50119E+03 1779.55 0.128E-09 0.833E+00 0.123E-04 0.263E-34 0.604E-12 0.618E-10 0.424E-11 0.101E-06 0.163E+00 0.270E-02 0.167E-02 0.117E-03 0.147E-03 0.159E-03 0.136E-05 0.862E-04 0.437E-07 0.107E-04 0.568E-06 0.108E-08 0.382E-10 0.122E-08 0.340E-08
 60  0.70795E+03 1948.80 0.475E-09 0.833E+00 0.391E-04 0.442E-31 0.524E-11 0.174E-08 0.132E-09 0.202E-06 0.163E+00 0.265E-02 0.221E-02 0.279E-03 0.154E-03 0.166E-03 0.126E-05 0.881E-04 0.286E-06 0.108E-04 0.616E-06 0.118E-08 0.481E-10 0.119E-07 0.474E-07
 61  0.10000E+04 2130.35 0.150E-08 0.833E+00 0.108E-03 0.342E-28 0.354E-10 0.192E-07 0.271E-08 0.307E-06 0.162E+00 0.227E-02 0.330E-02 0.568E-03 0.165E-03 0.172E-03 0.117E-05 0.846E-04 0.144E-05 0.108E-04 0.639E-06 0.122E-08 0.551E-10 0.879E-07 0.142E-06
