   25.000000000000000     
  1  0.10000E-05  173.28 0.450E-37 0.833E+00 0.450E-37 0.450E-37 0.450E-37 0.450E-37 0.450E-37 0.463E-36 0.163E+00 0.260E-02 0.147E-02 0.450E-37 0.435E-03 0.384E-11 0.450E-37 0.805E-04 0.450E-37 0.450E-37 0.450E-37 0.450E-37 0.450E-37 0.450E-37 0.450E-37
  2  0.14100E-05  169.54 0.450E-37 0.833E+00 0.450E-37 0.450E-37 0.450E-37 0.450E-37 0.450E-37 0.486E-37 0.163E+00 0.233E-02 0.147E-02 0.450E-37 0.435E-03 0.515E-12 0.450E-37 0.805E-04 0.450E-37 0.450E-37 0.450E-37 0.450E-37 0.450E-37 0.450E-37 0.450E-37
  3  0.20000E-05  165.99 0.451E-37 0.833E+00 0.451E-37 0.451E-37 0.451E-37 0.451E-37 0.451E-37 0.463E-37 0.163E+00 0.115E-02 0.148E-02 0.451E-37 0.435E-03 0.693E-13 0.451E-37 0.805E-04 0.451E-37 0.451E-37 0.451E-37 0.451E-37 0.451E-37 0.451E-37 0.451E-37
  4  0.28200E-05  163.52 0.451E-37 0.834E+00 0.451E-37 0.451E-37 0.451E-37 0.451E-37 0.451E-37 0.452E-37 0.163E+00 0.569E-03 0.148E-02 0.451E-37 0.435E-03 0.136E-13 0.451E-37 0.806E-04 0.451E-37 0.451E-37 0.451E-37 0.451E-37 0.451E-37 0.451E-37 0.451E-37
  5  0.39800E-05  162.05 0.451E-37 0.834E+00 0.451E-37 0.451E-37 0.451E-37 0.451E-37 0.451E-37 0.451E-37 0.163E+00 0.292E-03 0.148E-02 0.451E-37 0.436E-03 0.386E-14 0.451E-37 0.806E-04 0.451E-37 0.451E-37 0.451E-37 0.451E-37 0.451E-37 0.451E-37 0.451E-37
  6  0.56200E-05  161.11 0.451E-37 0.835E+00 0.451E-37 0.451E-37 0.451E-37 0.451E-37 0.451E-37 0.451E-37 0.163E+00 0.166E-03 0.148E-02 0.451E-37 0.436E-03 0.133E-14 0.451E-37 0.806E-04 0.451E-37 0.451E-37 0.451E-37 0.451E-37 0.451E-37 0.451E-37 0.451E-37
  7  0.79400E-05  160.42 0.451E-37 0.835E+00 0.451E-37 0.451E-37 0.451E-37 0.451E-37 0.451E-37 0.451E-37 0.163E+00 0.995E-04 0.148E-02 0.451E-37 0.436E-03 0.507E-15 0.451E-37 0.807E-04 0.451E-37 0.451E-37 0.451E-37 0.451E-37 0.451E-37 0.451E-37 0.451E-37
  8  0.11220E-04  159.83 0.451E-37 0.835E+00 0.451E-37 0.451E-37 0.451E-37 0.451E-37 0.451E-37 0.451E-37 0.163E+00 0.611E-04 0.148E-02 0.451E-37 0.436E-03 0.200E-15 0.451E-37 0.807E-04 0.451E-37 0.451E-37 0.451E-37 0.451E-37 0.451E-37 0.451E-37 0.451E-37
  9  0.15850E-04  159.21 0.451E-37 0.835E+00 0.451E-37 0.451E-37 0.451E-37 0.451E-37 0.451E-37 0.451E-37 0.163E+00 0.372E-04 0.148E-02 0.451E-37 0.436E-03 0.782E-16 0.451E-37 0.807E-04 0.451E-37 0.451E-37 0.451E-37 0.451E-37 0.451E-37 0.451E-37 0.451E-37
 10  0.22390E-04  158.55 0.451E-37 0.835E+00 0.451E-37 0.451E-37 0.451E-37 0.451E-37 0.451E-37 0.451E-37 0.163E+00 0.224E-04 0.148E-02 0.451E-37 0.436E-03 0.299E-16 0.451E-37 0.807E-04 0.451E-37 0.451E-37 0.451E-37 0.451E-37 0.451E-37 0.451E-37 0.451E-37
 11  0.31620E-04  157.69 0.451E-37 0.835E+00 0.451E-37 0.451E-37 0.451E-37 0.451E-37 0.451E-37 0.451E-37 0.163E+00 0.129E-04 0.148E-02 0.451E-37 0.436E-03 0.106E-16 0.451E-37 0.800E-04 0.451E-37 0.451E-37 0.451E-37 0.451E-37 0.451E-37 0.451E-37 0.451E-37
 12  0.44670E-04  156.67 0.451E-37 0.835E+00 0.451E-37 0.451E-37 0.451E-37 0.451E-37 0.451E-37 0.451E-37 0.163E+00 0.704E-05 0.148E-02 0.451E-37 0.436E-03 0.345E-17 0.451E-37 0.736E-04 0.451E-37 0.451E-37 0.451E-37 0.451E-37 0.451E-37 0.451E-37 0.451E-37
 13  0.63100E-04  155.71 0.451E-37 0.835E+00 0.451E-37 0.451E-37 0.451E-37 0.451E-37 0.451E-37 0.451E-37 0.163E+00 0.392E-05 0.148E-02 0.451E-37 0.436E-03 0.116E-17 0.451E-37 0.645E-04 0.451E-37 0.451E-37 0.451E-37 0.451E-37 0.451E-37 0.451E-37 0.451E-37
 14  0.89120E-04  155.10 0.452E-37 0.835E+00 0.452E-37 0.452E-37 0.452E-37 0.452E-37 0.452E-37 0.452E-37 0.163E+00 0.237E-05 0.148E-02 0.452E-37 0.436E-03 0.446E-18 0.452E-37 0.554E-04 0.452E-37 0.452E-37 0.452E-37 0.452E-37 0.452E-37 0.452E-37 0.452E-37
 15  0.12589E-03  154.80 0.452E-37 0.835E+00 0.452E-37 0.452E-37 0.452E-37 0.452E-37 0.452E-37 0.452E-37 0.163E+00 0.155E-05 0.148E-02 0.452E-37 0.436E-03 0.196E-18 0.452E-37 0.462E-04 0.452E-37 0.452E-37 0.452E-37 0.452E-37 0.452E-37 0.452E-37 0.452E-37
 16  0.17783E-03  154.59 0.452E-37 0.835E+00 0.452E-37 0.452E-37 0.452E-37 0.452E-37 0.452E-37 0.452E-37 0.163E+00 0.104E-05 0.148E-02 0.452E-37 0.436E-03 0.901E-19 0.452E-37 0.377E-04 0.452E-37 0.452E-37 0.452E-37 0.452E-37 0.452E-37 0.452E-37 0.452E-37
 17  0.25119E-03  154.16 0.452E-37 0.835E+00 0.452E-37 0.452E-37 0.452E-37 0.452E-37 0.452E-37 0.452E-37 0.163E+00 0.660E-06 0.148E-02 0.452E-37 0.436E-03 0.375E-19 0.452E-37 0.291E-04 0.452E-37 0.452E-37 0.452E-37 0.452E-37 0.452E-37 0.452E-37 0.452E-37
 18  0.35481E-03  153.21 0.452E-37 0.835E+00 0.452E-37 0.452E-37 0.452E-37 0.452E-37 0.452E-37 0.452E-37 0.163E+00 0.364E-06 0.148E-02 0.452E-37 0.436E-03 0.124E-19 0.452E-37 0.187E-04 0.452E-37 0.452E-37 0.452E-37 0.452E-37 0.452E-37 0.452E-37 0.452E-37
 19  0.50119E-03  151.87 0.452E-37 0.835E+00 0.452E-37 0.452E-37 0.452E-37 0.452E-37 0.452E-37 0.452E-37 0.163E+00 0.181E-06 0.148E-02 0.452E-37 0.436E-03 0.343E-20 0.452E-37 0.102E-04 0.452E-37 0.452E-37 0.452E-37 0.452E-37 0.452E-37 0.452E-37 0.452E-37
 20  0.70795E-03  150.14 0.452E-37 0.835E+00 0.452E-37 0.452E-37 0.452E-37 0.452E-37 0.452E-37 0.452E-37 0.163E+00 0.801E-07 0.148E-02 0.452E-37 0.436E-03 0.791E-21 0.452E-37 0.491E-05 0.452E-37 0.452E-37 0.452E-37 0.452E-37 0.452E-37 0.452E-37 0.452E-37
 21  0.10000E-02  148.15 0.452E-37 0.835E+00 0.452E-37 0.452E-37 0.452E-37 0.452E-37 0.452E-37 0.452E-37 0.163E+00 0.326E-07 0.148E-02 0.452E-37 0.436E-03 0.158E-21 0.452E-37 0.212E-05 0.452E-37 0.452E-37 0.452E-37 0.452E-37 0.452E-37 0.452E-37 0.452E-37
 22  0.14125E-02  146.34 0.452E-37 0.835E+00 0.452E-37 0.452E-37 0.452E-37 0.452E-37 0.452E-37 0.452E-37 0.163E+00 0.138E-07 0.148E-02 0.452E-37 0.436E-03 0.338E-22 0.452E-37 0.945E-06 0.452E-37 0.452E-37 0.452E-37 0.452E-37 0.452E-37 0.452E-37 0.452E-37
 23  0.19953E-02  144.88 0.452E-37 0.835E+00 0.452E-37 0.452E-37 0.452E-37 0.452E-37 0.452E-37 0.452E-37 0.163E+00 0.639E-08 0.148E-02 0.452E-37 0.436E-03 0.837E-23 0.452E-37 0.456E-06 0.452E-37 0.452E-37 0.452E-37 0.452E-37 0.452E-37 0.452E-37 0.452E-37
 24  0.28184E-02  143.71 0.452E-37 0.835E+00 0.452E-37 0.452E-37 0.452E-37 0.452E-37 0.452E-37 0.452E-37 0.163E+00 0.320E-08 0.148E-02 0.452E-37 0.436E-03 0.236E-23 0.452E-37 0.236E-06 0.452E-37 0.452E-37 0.452E-37 0.452E-37 0.452E-37 0.452E-37 0.452E-37
 25  0.39811E-02  142.67 0.452E-37 0.835E+00 0.452E-37 0.452E-37 0.452E-37 0.452E-37 0.452E-37 0.452E-37 0.163E+00 0.166E-08 0.148E-02 0.452E-37 0.436E-03 0.704E-24 0.452E-37 0.126E-06 0.452E-37 0.452E-37 0.452E-37 0.452E-37 0.452E-37 0.452E-37 0.452E-37
 26  0.56234E-02  141.82 0.452E-37 0.835E+00 0.452E-37 0.452E-37 0.452E-37 0.452E-37 0.452E-37 0.452E-37 0.163E+00 0.904E-09 0.148E-02 0.452E-37 0.436E-03 0.229E-24 0.452E-37 0.708E-07 0.452E-37 0.452E-37 0.452E-37 0.452E-37 0.452E-37 0.452E-37 0.452E-37
 27  0.79433E-02  141.69 0.452E-37 0.835E+00 0.452E-37 0.452E-37 0.452E-37 0.452E-37 0.452E-37 0.452E-37 0.163E+00 0.614E-09 0.148E-02 0.452E-37 0.436E-03 0.107E-24 0.452E-37 0.482E-07 0.452E-37 0.452E-37 0.452E-37 0.452E-37 0.452E-37 0.452E-37 0.452E-37
 28  0.11220E-01  142.59 0.452E-37 0.835E+00 0.452E-37 0.452E-37 0.452E-37 0.452E-37 0.452E-37 0.452E-37 0.163E+00 0.573E-09 0.148E-02 0.452E-37 0.436E-03 0.851E-25 0.452E-37 0.438E-07 0.452E-37 0.452E-37 0.452E-37 0.452E-37 0.452E-37 0.452E-37 0.452E-37
 29  0.15849E-01  144.30 0.452E-37 0.835E+00 0.452E-37 0.452E-37 0.452E-37 0.452E-37 0.452E-37 0.452E-37 0.163E+00 0.678E-09 0.148E-02 0.452E-37 0.436E-03 0.999E-25 0.452E-37 0.492E-07 0.452E-37 0.452E-37 0.452E-37 0.452E-37 0.452E-37 0.452E-37 0.452E-37
 30  0.22387E-01  146.21 0.452E-37 0.835E+00 0.452E-37 0.452E-37 0.452E-37 0.452E-37 0.452E-37 0.452E-37 0.163E+00 0.839E-09 0.148E-02 0.452E-37 0.436E-03 0.127E-24 0.452E-37 0.576E-07 0.452E-37 0.452E-37 0.452E-37 0.452E-37 0.452E-37 0.452E-37 0.452E-37
 31  0.31623E-01  147.48 0.452E-37 0.835E+00 0.452E-37 0.452E-37 0.452E-37 0.452E-37 0.452E-37 0.452E-37 0.163E+00 0.854E-09 0.148E-02 0.452E-37 0.435E-03 0.113E-24 0.452E-37 0.565E-07 0.452E-37 0.452E-37 0.452E-37 0.452E-37 0.452E-37 0.452E-37 0.452E-37
 32  0.44668E-01  147.81 0.452E-37 0.835E+00 0.452E-37 0.452E-37 0.452E-37 0.452E-37 0.452E-37 0.452E-37 0.163E+00 0.664E-09 0.148E-02 0.452E-37 0.430E-03 0.574E-25 0.452E-37 0.435E-07 0.452E-37 0.452E-37 0.452E-37 0.452E-37 0.452E-37 0.452E-37 0.452E-37
 33  0.63096E-01  148.37 0.452E-37 0.835E+00 0.452E-37 0.452E-37 0.452E-37 0.452E-37 0.452E-37 0.452E-37 0.163E+00 0.551E-09 0.148E-02 0.452E-37 0.428E-03 0.351E-25 0.452E-37 0.355E-07 0.452E-37 0.452E-37 0.452E-37 0.452E-37 0.452E-37 0.452E-37 0.452E-37
 34  0.89125E-01  150.15 0.452E-37 0.835E+00 0.452E-37 0.452E-37 0.452E-37 0.452E-37 0.452E-37 0.452E-37 0.163E+00 0.638E-09 0.148E-02 0.452E-37 0.436E-03 0.501E-25 0.452E-37 0.392E-07 0.452E-37 0.452E-37 0.452E-37 0.452E-37 0.452E-37 0.452E-37 0.452E-37
 35  0.12589E+00  153.63 0.452E-37 0.835E+00 0.452E-37 0.452E-37 0.452E-37 0.452E-37 0.452E-37 0.452E-37 0.163E+00 0.115E-08 0.148E-02 0.452E-37 0.436E-03 0.118E-24 0.452E-37 0.640E-07 0.452E-37 0.452E-37 0.452E-37 0.452E-37 0.452E-37 0.452E-37 0.452E-37
 36  0.17783E+00  159.26 0.452E-37 0.835E+00 0.452E-37 0.452E-37 0.452E-37 0.452E-37 0.452E-37 0.452E-37 0.163E+00 0.336E-08 0.148E-02 0.452E-37 0.436E-03 0.633E-24 0.452E-37 0.163E-06 0.452E-37 0.452E-37 0.452E-37 0.452E-37 0.452E-37 0.452E-37 0.452E-37
 37  0.25119E+00  167.53 0.452E-37 0.835E+00 0.452E-37 0.452E-37 0.452E-37 0.452E-37 0.452E-37 0.452E-37 0.163E+00 0.161E-07 0.148E-02 0.452E-37 0.436E-03 0.782E-23 0.452E-37 0.644E-06 0.452E-37 0.452E-37 0.452E-37 0.452E-37 0.452E-37 0.452E-37 0.452E-37
 38  0.35481E+00  181.66 0.452E-37 0.835E+00 0.452E-37 0.452E-37 0.452E-37 0.452E-37 0.452E-37 0.452E-37 0.163E+00 0.200E-06 0.148E-02 0.452E-37 0.436E-03 0.487E-21 0.452E-37 0.600E-05 0.452E-37 0.452E-37 0.452E-37 0.452E-37 0.452E-37 0.452E-37 0.452E-37
 39  0.50119E+00  202.83 0.452E-37 0.835E+00 0.452E-37 0.452E-37 0.452E-37 0.452E-37 0.452E-37 0.452E-37 0.163E+00 0.493E-05 0.148E-02 0.452E-37 0.436E-03 0.101E-18 0.452E-37 0.628E-04 0.452E-37 0.452E-37 0.452E-37 0.452E-37 0.452E-37 0.452E-37 0.452E-37
 40  0.70795E+00  226.13 0.451E-37 0.835E+00 0.451E-37 0.451E-37 0.451E-37 0.451E-37 0.451E-37 0.551E-37 0.163E+00 0.803E-04 0.148E-02 0.451E-37 0.436E-03 0.110E-16 0.451E-37 0.807E-04 0.451E-37 0.451E-37 0.451E-37 0.451E-37 0.451E-37 0.451E-37 0.451E-37
 41  0.10000E+01  251.71 0.451E-37 0.834E+00 0.451E-37 0.451E-37 0.451E-37 0.451E-37 0.451E-37 0.198E-33 0.163E+00 0.911E-03 0.148E-02 0.100E-36 0.435E-03 0.683E-15 0.585E-37 0.806E-04 0.451E-37 0.451E-37 0.451E-37 0.451E-37 0.451E-37 0.451E-37 0.451E-37
 42  0.14125E+01  279.81 0.450E-37 0.833E+00 0.450E-37 0.450E-37 0.450E-37 0.450E-37 0.450E-37 0.226E-29 0.163E+00 0.259E-02 0.147E-02 0.235E-32 0.435E-03 0.261E-13 0.162E-33 0.805E-04 0.450E-37 0.450E-37 0.450E-37 0.450E-37 0.450E-37 0.450E-37 0.450E-37
 43  0.19953E+01  310.74 0.450E-37 0.833E+00 0.556E-34 0.450E-37 0.450E-37 0.450E-37 0.450E-37 0.134E-26 0.163E+00 0.259E-02 0.147E-02 0.803E-29 0.434E-03 0.660E-12 0.116E-29 0.804E-04 0.450E-37 0.450E-37 0.450E-37 0.450E-37 0.450E-37 0.450E-37 0.450E-37
 44  0.28184E+01  344.83 0.450E-37 0.833E+00 0.198E-30 0.450E-37 0.450E-37 0.450E-37 0.450E-37 0.377E-24 0.163E+00 0.259E-02 0.147E-02 0.109E-25 0.434E-03 0.117E-10 0.263E-26 0.804E-04 0.450E-37 0.450E-37 0.450E-37 0.450E-37 0.450E-37 0.450E-37 0.450E-37
 45  0.39811E+01  382.48 0.450E-37 0.833E+00 0.301E-27 0.450E-37 0.450E-37 0.450E-37 0.450E-37 0.546E-22 0.163E+00 0.259E-02 0.147E-02 0.644E-23 0.434E-03 0.151E-09 0.265E-23 0.804E-04 0.450E-37 0.455E-34 0.450E-37 0.450E-37 0.450E-37 0.450E-37 0.450E-37
 46  0.56234E+01  424.12 0.450E-37 0.833E+00 0.216E-24 0.450E-37 0.450E-37 0.450E-37 0.450E-37 0.477E-20 0.163E+00 0.259E-02 0.147E-02 0.199E-20 0.434E-03 0.148E-08 0.131E-20 0.804E-04 0.450E-37 0.148E-25 0.592E-37 0.296E-36 0.134E-36 0.450E-37 0.450E-37
 47  0.79433E+01  470.21 0.450E-37 0.833E+00 0.799E-22 0.450E-37 0.450E-37 0.450E-37 0.450E-37 0.285E-18 0.163E+00 0.259E-02 0.147E-02 0.364E-18 0.434E-03 0.113E-07 0.341E-18 0.804E-04 0.450E-37 0.234E-22 0.233E-32 0.179E-31 0.847E-32 0.450E-37 0.450E-37
 48  0.10000E+02  503.65 0.805E-37 0.833E+00 0.294E-20 0.450E-37 0.450E-37 0.450E-37 0.450E-37 0.346E-17 0.163E+00 0.259E-02 0.147E-02 0.869E-17 0.434E-03 0.385E-07 0.101E-16 0.804E-04 0.807E-36 0.205E-20 0.246E-29 0.161E-28 0.795E-29 0.589E-37 0.676E-37
 49  0.15849E+02  577.78 0.123E-32 0.833E+00 0.195E-17 0.450E-37 0.450E-37 0.450E-37 0.450E-37 0.304E-15 0.163E+00 0.259E-02 0.147E-02 0.256E-14 0.433E-03 0.337E-06 0.445E-14 0.804E-04 0.169E-30 0.606E-17 0.670E-24 0.327E-23 0.163E-23 0.710E-35 0.822E-34
 50  0.22387E+02  640.34 0.872E-29 0.833E+00 0.144E-15 0.450E-37 0.450E-37 0.450E-37 0.450E-37 0.581E-14 0.163E+00 0.259E-02 0.147E-02 0.108E-12 0.429E-03 0.135E-05 0.249E-12 0.804E-04 0.545E-27 0.114E-14 0.292E-20 0.118E-19 0.206E-20 0.528E-31 0.494E-30
 51  0.31623E+02  709.55 0.194E-25 0.833E+00 0.684E-14 0.450E-37 0.751E-34 0.198E-35 0.450E-37 0.809E-13 0.163E+00 0.259E-02 0.147E-02 0.301E-11 0.423E-03 0.448E-05 0.923E-11 0.804E-04 0.756E-24 0.121E-12 0.670E-17 0.227E-16 0.251E-18 0.158E-27 0.122E-26
 52  0.44668E+02  786.01 0.201E-22 0.833E+00 0.219E-12 0.450E-37 0.583E-30 0.105E-31 0.216E-35 0.839E-12 0.163E+00 0.259E-02 0.147E-02 0.579E-10 0.397E-03 0.114E-04 0.237E-09 0.804E-04 0.485E-21 0.763E-11 0.853E-14 0.304E-14 0.170E-16 0.206E-24 0.134E-23
 53  0.63096E+02  870.32 0.183E-19 0.833E+00 0.490E-11 0.450E-37 0.442E-26 0.765E-28 0.180E-31 0.666E-11 0.163E+00 0.259E-02 0.147E-02 0.789E-09 0.355E-03 0.227E-04 0.434E-08 0.804E-04 0.153E-18 0.298E-09 0.571E-11 0.139E-12 0.861E-15 0.126E-21 0.701E-21
 54  0.89125E+02  963.05 0.708E-17 0.833E+00 0.788E-10 0.450E-37 0.114E-22 0.210E-24 0.148E-27 0.409E-10 0.163E+00 0.259E-02 0.147E-02 0.778E-08 0.329E-03 0.417E-04 0.584E-07 0.804E-04 0.255E-16 0.759E-08 0.110E-08 0.364E-11 0.275E-13 0.388E-19 0.188E-18
 55  0.12589E+03 1064.72 0.679E-15 0.833E+00 0.940E-09 0.450E-37 0.604E-20 0.237E-21 0.445E-24 0.198E-09 0.163E+00 0.259E-02 0.147E-02 0.570E-07 0.288E-03 0.595E-04 0.526E-06 0.805E-04 0.232E-14 0.130E-06 0.283E-07 0.488E-10 0.460E-12 0.629E-17 0.124E-16
 56  0.17783E+03 1175.84 0.198E-13 0.833E+00 0.854E-08 0.450E-37 0.810E-18 0.121E-18 0.541E-21 0.771E-09 0.163E+00 0.259E-02 0.147E-02 0.318E-06 0.251E-03 0.745E-04 0.151E-05 0.817E-04 0.123E-12 0.155E-05 0.154E-06 0.275E-09 0.359E-11 0.571E-15 0.102E-14
 57  0.25119E+03 1296.85 0.271E-12 0.833E+00 0.606E-07 0.450E-37 0.437E-16 0.298E-16 0.290E-18 0.244E-08 0.163E+00 0.259E-02 0.147E-02 0.137E-05 0.233E-03 0.934E-04 0.165E-05 0.861E-04 0.400E-11 0.972E-05 0.350E-06 0.669E-09 0.129E-10 0.310E-13 0.755E-13
 58  0.35481E+03 1428.20 0.206E-11 0.833E+00 0.345E-06 0.450E-37 0.112E-14 0.383E-14 0.743E-16 0.645E-08 0.163E+00 0.259E-02 0.147E-02 0.474E-05 0.223E-03 0.112E-03 0.161E-05 0.863E-04 0.854E-10 0.103E-04 0.415E-06 0.786E-09 0.182E-10 0.107E-11 0.298E-11
 59  0.50119E+03 1570.34 0.121E-10 0.833E+00 0.161E-05 0.450E-37 0.198E-13 0.273E-12 0.969E-14 0.159E-07 0.163E+00 0.267E-02 0.155E-02 0.143E-04 0.221E-03 0.130E-03 0.155E-05 0.863E-04 0.125E-08 0.104E-04 0.469E-06 0.886E-09 0.241E-10 0.247E-10 0.715E-10
 60  0.70795E+03 1723.71 0.580E-10 0.833E+00 0.630E-05 0.110E-35 0.252E-12 0.113E-10 0.670E-12 0.445E-07 0.163E+00 0.292E-02 0.192E-02 0.446E-04 0.224E-03 0.144E-03 0.149E-05 0.863E-04 0.131E-07 0.105E-04 0.525E-06 0.995E-09 0.318E-10 0.398E-09 0.113E-08
 61  0.10000E+04 1888.79 0.233E-09 0.833E+00 0.211E-04 0.243E-32 0.244E-11 0.298E-09 0.246E-10 0.128E-06 0.163E+00 0.313E-02 0.291E-02 0.142E-03 0.234E-03 0.156E-03 0.143E-05 0.877E-04 0.971E-07 0.107E-04 0.582E-06 0.111E-08 0.421E-10 0.444E-08 0.164E-07
