   25.000000000000000     
  1  0.10000E-05  202.21 0.450E-37 0.836E+00 0.450E-37 0.450E-37 0.450E-37 0.450E-37 0.450E-37 0.196E-30 0.162E+00 0.819E-03 0.465E-03 0.747E-36 0.137E-03 0.211E-08 0.450E-37 0.254E-04 0.450E-37 0.450E-37 0.450E-37 0.450E-37 0.450E-37 0.450E-37 0.450E-37
  2  0.14100E-05  201.32 0.450E-37 0.836E+00 0.450E-37 0.450E-37 0.450E-37 0.450E-37 0.450E-37 0.638E-31 0.162E+00 0.819E-03 0.465E-03 0.267E-36 0.137E-03 0.844E-09 0.450E-37 0.254E-04 0.450E-37 0.450E-37 0.450E-37 0.450E-37 0.450E-37 0.450E-37 0.450E-37
  3  0.20000E-05  200.23 0.450E-37 0.836E+00 0.450E-37 0.450E-37 0.450E-37 0.450E-37 0.450E-37 0.185E-31 0.162E+00 0.819E-03 0.465E-03 0.879E-37 0.137E-03 0.316E-09 0.450E-37 0.254E-04 0.450E-37 0.450E-37 0.450E-37 0.450E-37 0.450E-37 0.450E-37 0.450E-37
  4  0.28200E-05  198.87 0.450E-37 0.836E+00 0.450E-37 0.450E-37 0.450E-37 0.450E-37 0.450E-37 0.471E-32 0.162E+00 0.819E-03 0.465E-03 0.484E-37 0.137E-03 0.111E-09 0.450E-37 0.254E-04 0.450E-37 0.450E-37 0.450E-37 0.450E-37 0.450E-37 0.450E-37 0.450E-37
  5  0.39800E-05  197.14 0.450E-37 0.836E+00 0.450E-37 0.450E-37 0.450E-37 0.450E-37 0.450E-37 0.983E-33 0.162E+00 0.819E-03 0.465E-03 0.450E-37 0.137E-03 0.350E-10 0.450E-37 0.254E-04 0.450E-37 0.450E-37 0.450E-37 0.450E-37 0.450E-37 0.450E-37 0.450E-37
  6  0.56200E-05  195.12 0.450E-37 0.836E+00 0.450E-37 0.450E-37 0.450E-37 0.450E-37 0.450E-37 0.174E-33 0.162E+00 0.819E-03 0.465E-03 0.450E-37 0.137E-03 0.101E-10 0.450E-37 0.254E-04 0.450E-37 0.450E-37 0.450E-37 0.450E-37 0.450E-37 0.450E-37 0.450E-37
  7  0.79400E-05  192.93 0.450E-37 0.836E+00 0.450E-37 0.450E-37 0.450E-37 0.450E-37 0.450E-37 0.274E-34 0.162E+00 0.819E-03 0.465E-03 0.450E-37 0.137E-03 0.276E-11 0.450E-37 0.254E-04 0.450E-37 0.450E-37 0.450E-37 0.450E-37 0.450E-37 0.450E-37 0.450E-37
  8  0.11220E-04  190.58 0.450E-37 0.836E+00 0.450E-37 0.450E-37 0.450E-37 0.450E-37 0.450E-37 0.384E-35 0.162E+00 0.819E-03 0.465E-03 0.450E-37 0.137E-03 0.705E-12 0.450E-37 0.254E-04 0.450E-37 0.450E-37 0.450E-37 0.450E-37 0.450E-37 0.450E-37 0.450E-37
  9  0.15850E-04  188.58 0.450E-37 0.836E+00 0.450E-37 0.450E-37 0.450E-37 0.450E-37 0.450E-37 0.876E-36 0.162E+00 0.819E-03 0.465E-03 0.450E-37 0.137E-03 0.197E-12 0.450E-37 0.254E-04 0.450E-37 0.450E-37 0.450E-37 0.450E-37 0.450E-37 0.450E-37 0.450E-37
 10  0.22390E-04  187.05 0.450E-37 0.836E+00 0.450E-37 0.450E-37 0.450E-37 0.450E-37 0.450E-37 0.322E-36 0.162E+00 0.819E-03 0.465E-03 0.450E-37 0.137E-03 0.630E-13 0.450E-37 0.254E-04 0.450E-37 0.450E-37 0.450E-37 0.450E-37 0.450E-37 0.450E-37 0.450E-37
 11  0.31620E-04  185.71 0.450E-37 0.836E+00 0.450E-37 0.450E-37 0.450E-37 0.450E-37 0.450E-37 0.150E-36 0.162E+00 0.813E-03 0.465E-03 0.450E-37 0.137E-03 0.211E-13 0.450E-37 0.254E-04 0.450E-37 0.450E-37 0.450E-37 0.450E-37 0.450E-37 0.450E-37 0.450E-37
 12  0.44670E-04  184.61 0.450E-37 0.836E+00 0.450E-37 0.450E-37 0.450E-37 0.450E-37 0.450E-37 0.894E-37 0.162E+00 0.757E-03 0.465E-03 0.450E-37 0.137E-03 0.756E-14 0.450E-37 0.254E-04 0.450E-37 0.450E-37 0.450E-37 0.450E-37 0.450E-37 0.450E-37 0.450E-37
 13  0.63100E-04  184.09 0.450E-37 0.836E+00 0.450E-37 0.450E-37 0.450E-37 0.450E-37 0.450E-37 0.638E-37 0.162E+00 0.696E-03 0.465E-03 0.450E-37 0.137E-03 0.322E-14 0.450E-37 0.254E-04 0.450E-37 0.450E-37 0.450E-37 0.450E-37 0.450E-37 0.450E-37 0.450E-37
 14  0.89120E-04  184.04 0.450E-37 0.836E+00 0.450E-37 0.450E-37 0.450E-37 0.450E-37 0.450E-37 0.491E-37 0.163E+00 0.644E-03 0.465E-03 0.450E-37 0.137E-03 0.159E-14 0.450E-37 0.254E-04 0.450E-37 0.450E-37 0.450E-37 0.450E-37 0.450E-37 0.450E-37 0.450E-37
 15  0.12589E-03  184.03 0.450E-37 0.836E+00 0.450E-37 0.450E-37 0.450E-37 0.450E-37 0.450E-37 0.450E-37 0.163E+00 0.549E-03 0.466E-03 0.450E-37 0.137E-03 0.797E-15 0.450E-37 0.254E-04 0.450E-37 0.450E-37 0.450E-37 0.450E-37 0.450E-37 0.450E-37 0.450E-37
 16  0.17783E-03  183.66 0.450E-37 0.836E+00 0.450E-37 0.450E-37 0.450E-37 0.450E-37 0.450E-37 0.450E-37 0.163E+00 0.431E-03 0.466E-03 0.450E-37 0.137E-03 0.355E-15 0.450E-37 0.254E-04 0.450E-37 0.450E-37 0.450E-37 0.450E-37 0.450E-37 0.450E-37 0.450E-37
 17  0.25119E-03  182.84 0.450E-37 0.836E+00 0.450E-37 0.450E-37 0.450E-37 0.450E-37 0.450E-37 0.450E-37 0.163E+00 0.310E-03 0.466E-03 0.450E-37 0.137E-03 0.138E-15 0.450E-37 0.254E-04 0.450E-37 0.450E-37 0.450E-37 0.450E-37 0.450E-37 0.450E-37 0.450E-37
 18  0.35481E-03  181.84 0.450E-37 0.837E+00 0.450E-37 0.450E-37 0.450E-37 0.450E-37 0.450E-37 0.450E-37 0.163E+00 0.199E-03 0.466E-03 0.450E-37 0.137E-03 0.507E-16 0.450E-37 0.254E-04 0.450E-37 0.450E-37 0.450E-37 0.450E-37 0.450E-37 0.450E-37 0.450E-37
 19  0.50119E-03  180.89 0.450E-37 0.837E+00 0.450E-37 0.450E-37 0.450E-37 0.450E-37 0.450E-37 0.450E-37 0.163E+00 0.121E-03 0.466E-03 0.450E-37 0.137E-03 0.188E-16 0.450E-37 0.254E-04 0.450E-37 0.450E-37 0.450E-37 0.450E-37 0.450E-37 0.450E-37 0.450E-37
 20  0.70795E-03  180.05 0.450E-37 0.837E+00 0.450E-37 0.450E-37 0.450E-37 0.450E-37 0.450E-37 0.450E-37 0.163E+00 0.739E-04 0.466E-03 0.450E-37 0.137E-03 0.718E-17 0.450E-37 0.254E-04 0.450E-37 0.450E-37 0.450E-37 0.450E-37 0.450E-37 0.450E-37 0.450E-37
 21  0.10000E-02  179.22 0.450E-37 0.837E+00 0.450E-37 0.450E-37 0.450E-37 0.450E-37 0.450E-37 0.450E-37 0.163E+00 0.447E-04 0.466E-03 0.450E-37 0.137E-03 0.276E-17 0.450E-37 0.254E-04 0.450E-37 0.450E-37 0.450E-37 0.450E-37 0.450E-37 0.450E-37 0.450E-37
 22  0.14125E-02  178.28 0.450E-37 0.837E+00 0.450E-37 0.450E-37 0.450E-37 0.450E-37 0.450E-37 0.450E-37 0.163E+00 0.264E-04 0.466E-03 0.450E-37 0.137E-03 0.102E-17 0.450E-37 0.254E-04 0.450E-37 0.450E-37 0.450E-37 0.450E-37 0.450E-37 0.450E-37 0.450E-37
 23  0.19953E-02  177.23 0.450E-37 0.837E+00 0.450E-37 0.450E-37 0.450E-37 0.450E-37 0.450E-37 0.450E-37 0.163E+00 0.152E-04 0.466E-03 0.450E-37 0.137E-03 0.361E-18 0.450E-37 0.254E-04 0.450E-37 0.450E-37 0.450E-37 0.450E-37 0.450E-37 0.450E-37 0.450E-37
 24  0.28184E-02  176.13 0.450E-37 0.837E+00 0.450E-37 0.450E-37 0.450E-37 0.450E-37 0.450E-37 0.450E-37 0.163E+00 0.867E-05 0.466E-03 0.450E-37 0.137E-03 0.126E-18 0.450E-37 0.254E-04 0.450E-37 0.450E-37 0.450E-37 0.450E-37 0.450E-37 0.450E-37 0.450E-37
 25  0.39811E-02  175.11 0.450E-37 0.837E+00 0.450E-37 0.450E-37 0.450E-37 0.450E-37 0.450E-37 0.450E-37 0.163E+00 0.500E-05 0.466E-03 0.450E-37 0.137E-03 0.446E-19 0.450E-37 0.254E-04 0.450E-37 0.450E-37 0.450E-37 0.450E-37 0.450E-37 0.450E-37 0.450E-37
 26  0.56234E-02  174.36 0.450E-37 0.837E+00 0.450E-37 0.450E-37 0.450E-37 0.450E-37 0.450E-37 0.450E-37 0.163E+00 0.304E-05 0.466E-03 0.450E-37 0.137E-03 0.173E-19 0.450E-37 0.254E-04 0.450E-37 0.450E-37 0.450E-37 0.450E-37 0.450E-37 0.450E-37 0.450E-37
 27  0.79433E-02  174.09 0.450E-37 0.837E+00 0.450E-37 0.450E-37 0.450E-37 0.450E-37 0.450E-37 0.450E-37 0.163E+00 0.204E-05 0.466E-03 0.450E-37 0.137E-03 0.791E-20 0.450E-37 0.254E-04 0.450E-37 0.450E-37 0.450E-37 0.450E-37 0.450E-37 0.450E-37 0.450E-37
 28  0.11220E-01  174.77 0.450E-37 0.837E+00 0.450E-37 0.450E-37 0.450E-37 0.450E-37 0.450E-37 0.450E-37 0.163E+00 0.166E-05 0.466E-03 0.450E-37 0.137E-03 0.501E-20 0.450E-37 0.240E-04 0.450E-37 0.450E-37 0.450E-37 0.450E-37 0.450E-37 0.450E-37 0.450E-37
 29  0.15849E-01  176.08 0.450E-37 0.837E+00 0.450E-37 0.450E-37 0.450E-37 0.450E-37 0.450E-37 0.450E-37 0.163E+00 0.153E-05 0.466E-03 0.450E-37 0.137E-03 0.390E-20 0.450E-37 0.214E-04 0.450E-37 0.450E-37 0.450E-37 0.450E-37 0.450E-37 0.450E-37 0.450E-37
 30  0.22387E-01  177.19 0.450E-37 0.837E+00 0.450E-37 0.450E-37 0.450E-37 0.450E-37 0.450E-37 0.450E-37 0.163E+00 0.135E-05 0.466E-03 0.450E-37 0.137E-03 0.283E-20 0.450E-37 0.206E-04 0.450E-37 0.450E-37 0.450E-37 0.450E-37 0.450E-37 0.450E-37 0.450E-37
 31  0.31623E-01  177.62 0.450E-37 0.837E+00 0.450E-37 0.450E-37 0.450E-37 0.450E-37 0.450E-37 0.450E-37 0.163E+00 0.104E-05 0.466E-03 0.450E-37 0.137E-03 0.164E-20 0.450E-37 0.194E-04 0.450E-37 0.450E-37 0.450E-37 0.450E-37 0.450E-37 0.450E-37 0.450E-37
 32  0.44668E-01  177.54 0.450E-37 0.837E+00 0.450E-37 0.450E-37 0.450E-37 0.450E-37 0.450E-37 0.450E-37 0.163E+00 0.723E-06 0.466E-03 0.450E-37 0.137E-03 0.799E-21 0.450E-37 0.160E-04 0.450E-37 0.450E-37 0.450E-37 0.450E-37 0.450E-37 0.450E-37 0.450E-37
 33  0.63096E-01  177.59 0.450E-37 0.837E+00 0.450E-37 0.450E-37 0.450E-37 0.450E-37 0.450E-37 0.450E-37 0.163E+00 0.517E-06 0.466E-03 0.450E-37 0.137E-03 0.407E-21 0.450E-37 0.134E-04 0.450E-37 0.450E-37 0.450E-37 0.450E-37 0.450E-37 0.450E-37 0.450E-37
 34  0.89125E-01  178.40 0.450E-37 0.837E+00 0.450E-37 0.450E-37 0.450E-37 0.450E-37 0.450E-37 0.450E-37 0.163E+00 0.428E-06 0.466E-03 0.450E-37 0.137E-03 0.266E-21 0.450E-37 0.128E-04 0.450E-37 0.450E-37 0.450E-37 0.450E-37 0.450E-37 0.450E-37 0.450E-37
 35  0.12589E+00  180.53 0.450E-37 0.837E+00 0.450E-37 0.450E-37 0.450E-37 0.450E-37 0.450E-37 0.450E-37 0.163E+00 0.456E-06 0.466E-03 0.450E-37 0.137E-03 0.265E-21 0.450E-37 0.132E-04 0.450E-37 0.450E-37 0.450E-37 0.450E-37 0.450E-37 0.450E-37 0.450E-37
 36  0.17783E+00  184.65 0.450E-37 0.837E+00 0.450E-37 0.450E-37 0.450E-37 0.450E-37 0.450E-37 0.450E-37 0.163E+00 0.692E-06 0.466E-03 0.450E-37 0.137E-03 0.483E-21 0.450E-37 0.148E-04 0.450E-37 0.450E-37 0.450E-37 0.450E-37 0.450E-37 0.450E-37 0.450E-37
 37  0.25119E+00  192.20 0.450E-37 0.837E+00 0.450E-37 0.450E-37 0.450E-37 0.450E-37 0.450E-37 0.450E-37 0.163E+00 0.182E-05 0.466E-03 0.450E-37 0.137E-03 0.224E-20 0.450E-37 0.254E-04 0.450E-37 0.450E-37 0.450E-37 0.450E-37 0.450E-37 0.450E-37 0.450E-37
 38  0.35481E+00  204.79 0.450E-37 0.837E+00 0.450E-37 0.450E-37 0.450E-37 0.450E-37 0.450E-37 0.450E-37 0.163E+00 0.930E-05 0.466E-03 0.450E-37 0.137E-03 0.324E-19 0.450E-37 0.254E-04 0.450E-37 0.450E-37 0.450E-37 0.450E-37 0.450E-37 0.450E-37 0.450E-37
 39  0.50119E+00  227.99 0.450E-37 0.837E+00 0.450E-37 0.450E-37 0.450E-37 0.450E-37 0.450E-37 0.450E-37 0.163E+00 0.141E-03 0.466E-03 0.450E-37 0.137E-03 0.316E-17 0.450E-37 0.254E-04 0.450E-37 0.450E-37 0.450E-37 0.450E-37 0.450E-37 0.450E-37 0.450E-37
 40  0.70795E+00  270.28 0.450E-37 0.836E+00 0.450E-37 0.450E-37 0.450E-37 0.450E-37 0.450E-37 0.227E-31 0.162E+00 0.819E-03 0.465E-03 0.402E-34 0.137E-03 0.258E-14 0.207E-34 0.254E-04 0.450E-37 0.450E-37 0.450E-37 0.450E-37 0.450E-37 0.450E-37 0.450E-37
 41  0.10000E+01  318.48 0.450E-37 0.836E+00 0.612E-33 0.450E-37 0.450E-37 0.450E-37 0.450E-37 0.784E-27 0.162E+00 0.819E-03 0.465E-03 0.220E-28 0.137E-03 0.619E-12 0.186E-28 0.254E-04 0.450E-37 0.450E-37 0.450E-37 0.450E-37 0.450E-37 0.450E-37 0.450E-37
 42  0.14125E+01  364.96 0.450E-37 0.836E+00 0.187E-28 0.450E-37 0.450E-37 0.450E-37 0.450E-37 0.112E-23 0.162E+00 0.819E-03 0.465E-03 0.226E-24 0.137E-03 0.282E-10 0.281E-24 0.254E-04 0.450E-37 0.450E-37 0.450E-37 0.450E-37 0.450E-37 0.450E-37 0.450E-37
 43  0.19953E+01  403.60 0.450E-37 0.836E+00 0.155E-25 0.450E-37 0.450E-37 0.450E-37 0.450E-37 0.101E-21 0.162E+00 0.819E-03 0.465E-03 0.742E-22 0.137E-03 0.288E-09 0.161E-21 0.254E-04 0.450E-37 0.134E-26 0.643E-37 0.911E-37 0.805E-37 0.450E-37 0.450E-37
 44  0.28184E+01  442.07 0.450E-37 0.836E+00 0.380E-23 0.450E-37 0.450E-37 0.450E-37 0.450E-37 0.424E-20 0.162E+00 0.819E-03 0.465E-03 0.894E-20 0.137E-03 0.179E-08 0.301E-19 0.254E-04 0.450E-37 0.128E-23 0.315E-34 0.282E-33 0.128E-33 0.450E-37 0.450E-37
 45  0.39811E+01  488.85 0.450E-37 0.836E+00 0.958E-21 0.450E-37 0.450E-37 0.450E-37 0.450E-37 0.192E-18 0.162E+00 0.819E-03 0.465E-03 0.115E-17 0.137E-03 0.116E-07 0.552E-17 0.254E-04 0.258E-36 0.124E-20 0.139E-29 0.976E-29 0.474E-29 0.450E-37 0.450E-37
 46  0.56234E+01  541.89 0.779E-34 0.836E+00 0.159E-18 0.450E-37 0.450E-37 0.450E-37 0.450E-37 0.658E-17 0.162E+00 0.819E-03 0.465E-03 0.102E-15 0.137E-03 0.654E-07 0.661E-15 0.254E-04 0.156E-32 0.679E-18 0.282E-25 0.157E-24 0.812E-25 0.942E-36 0.405E-35
 47  0.79433E+01  600.62 0.371E-30 0.836E+00 0.157E-16 0.450E-37 0.484E-37 0.450E-37 0.450E-37 0.155E-15 0.162E+00 0.819E-03 0.465E-03 0.563E-14 0.135E-03 0.292E-06 0.491E-13 0.254E-04 0.894E-29 0.189E-15 0.236E-21 0.107E-20 0.160E-21 0.345E-33 0.368E-32
 48  0.10000E+02  643.20 0.855E-28 0.836E+00 0.259E-15 0.450E-37 0.450E-37 0.450E-37 0.450E-37 0.105E-14 0.162E+00 0.819E-03 0.465E-03 0.638E-13 0.136E-03 0.728E-06 0.678E-12 0.254E-04 0.173E-26 0.573E-14 0.625E-19 0.250E-18 0.693E-20 0.115E-30 0.107E-29
 49  0.15849E+02  737.51 0.281E-23 0.836E+00 0.400E-13 0.450E-37 0.129E-31 0.986E-34 0.148E-36 0.324E-13 0.162E+00 0.819E-03 0.465E-03 0.488E-11 0.126E-03 0.310E-05 0.756E-10 0.254E-04 0.215E-22 0.248E-11 0.230E-14 0.875E-15 0.378E-17 0.392E-26 0.283E-25
 50  0.22387E+02  816.84 0.374E-20 0.836E+00 0.111E-11 0.450E-37 0.164E-27 0.138E-29 0.205E-33 0.303E-12 0.162E+00 0.819E-03 0.465E-03 0.821E-10 0.115E-03 0.700E-05 0.169E-08 0.254E-04 0.105E-19 0.130E-09 0.249E-11 0.497E-13 0.270E-15 0.381E-23 0.232E-22
 51  0.31623E+02  904.26 0.335E-17 0.836E+00 0.219E-10 0.450E-37 0.113E-23 0.686E-26 0.330E-29 0.217E-11 0.162E+00 0.819E-03 0.465E-03 0.986E-09 0.107E-03 0.141E-04 0.273E-07 0.254E-04 0.258E-17 0.431E-08 0.111E-08 0.184E-11 0.124E-13 0.179E-20 0.940E-20
 52  0.44668E+02 1000.31 0.319E-15 0.836E+00 0.313E-09 0.450E-37 0.667E-21 0.133E-22 0.184E-25 0.122E-10 0.162E+00 0.819E-03 0.465E-03 0.868E-08 0.879E-04 0.195E-04 0.274E-06 0.255E-04 0.341E-15 0.941E-07 0.197E-07 0.324E-10 0.280E-12 0.431E-18 0.198E-17
 53  0.63096E+02 1105.53 0.979E-14 0.836E+00 0.336E-08 0.450E-37 0.105E-18 0.111E-19 0.390E-22 0.544E-10 0.162E+00 0.819E-03 0.465E-03 0.573E-07 0.755E-04 0.256E-04 0.529E-06 0.262E-04 0.251E-13 0.128E-05 0.944E-07 0.169E-09 0.237E-11 0.557E-16 0.738E-16
 54  0.89125E+02 1209.57 0.970E-13 0.836E+00 0.228E-07 0.450E-37 0.404E-17 0.247E-17 0.187E-19 0.165E-09 0.162E+00 0.819E-03 0.465E-03 0.237E-06 0.703E-04 0.316E-04 0.524E-06 0.273E-04 0.771E-12 0.340E-05 0.145E-06 0.269E-09 0.546E-11 0.282E-14 0.563E-14
 55  0.12589E+03 1318.34 0.595E-12 0.836E+00 0.120E-06 0.450E-37 0.819E-16 0.266E-15 0.392E-17 0.404E-09 0.162E+00 0.818E-03 0.464E-03 0.757E-06 0.641E-04 0.330E-04 0.512E-06 0.273E-04 0.146E-10 0.341E-05 0.158E-06 0.292E-09 0.697E-11 0.848E-13 0.212E-12
 56  0.17783E+03 1434.52 0.297E-11 0.836E+00 0.531E-06 0.450E-37 0.120E-14 0.171E-13 0.457E-15 0.840E-09 0.162E+00 0.815E-03 0.461E-03 0.199E-05 0.605E-04 0.339E-04 0.492E-06 0.273E-04 0.198E-09 0.343E-05 0.171E-06 0.319E-09 0.897E-11 0.178E-11 0.497E-11
 57  0.25119E+03 1562.76 0.133E-10 0.836E+00 0.210E-05 0.450E-37 0.147E-13 0.790E-12 0.350E-13 0.158E-08 0.162E+00 0.812E-03 0.457E-03 0.464E-05 0.602E-04 0.364E-04 0.466E-06 0.272E-04 0.216E-08 0.347E-05 0.188E-06 0.354E-09 0.119E-10 0.298E-10 0.861E-10
 58  0.35481E+03 1707.60 0.547E-10 0.836E+00 0.769E-05 0.117E-35 0.156E-12 0.287E-10 0.176E-11 0.293E-08 0.162E+00 0.819E-03 0.465E-03 0.103E-04 0.616E-04 0.398E-04 0.434E-06 0.272E-04 0.202E-07 0.351E-05 0.205E-06 0.389E-09 0.156E-10 0.424E-09 0.121E-08
 59  0.50119E+03 1871.45 0.205E-09 0.836E+00 0.261E-04 0.308E-32 0.142E-11 0.842E-09 0.640E-10 0.621E-08 0.162E+00 0.867E-03 0.528E-03 0.245E-04 0.642E-04 0.432E-04 0.396E-06 0.269E-04 0.155E-06 0.351E-05 0.214E-06 0.409E-09 0.184E-10 0.492E-08 0.158E-07
 60  0.70795E+03 2047.39 0.648E-09 0.836E+00 0.768E-04 0.356E-29 0.100E-10 0.675E-08 0.144E-08 0.143E-07 0.162E+00 0.937E-03 0.711E-03 0.605E-04 0.687E-04 0.459E-04 0.360E-06 0.262E-04 0.867E-06 0.348E-05 0.215E-06 0.412E-09 0.194E-10 0.407E-07 0.347E-07
 61  0.10000E+04 2235.81 0.179E-08 0.836E+00 0.199E-03 0.196E-26 0.565E-10 0.510E-08 0.379E-07 0.275E-07 0.162E+00 0.959E-03 0.101E-02 0.129E-03 0.756E-04 0.480E-04 0.329E-06 0.257E-04 0.442E-05 0.343E-05 0.213E-06 0.407E-09 0.196E-10 0.302E-06 0.495E-07
