   25.000000000000000     
  1  0.10000E-05  265.72 0.450E-37 0.836E+00 0.117E-36 0.450E-37 0.450E-37 0.450E-37 0.450E-37 0.318E-20 0.162E+00 0.815E-03 0.465E-03 0.414E-23 0.375E-04 0.485E-04 0.450E-37 0.254E-04 0.450E-37 0.450E-37 0.450E-37 0.450E-37 0.450E-37 0.450E-37 0.450E-37
  2  0.14100E-05  264.60 0.450E-37 0.836E+00 0.900E-37 0.450E-37 0.450E-37 0.450E-37 0.450E-37 0.117E-20 0.162E+00 0.816E-03 0.465E-03 0.141E-23 0.510E-04 0.378E-04 0.450E-37 0.254E-04 0.450E-37 0.450E-37 0.450E-37 0.450E-37 0.450E-37 0.450E-37 0.450E-37
  3  0.20000E-05  262.78 0.450E-37 0.836E+00 0.652E-37 0.450E-37 0.450E-37 0.450E-37 0.450E-37 0.346E-21 0.162E+00 0.818E-03 0.465E-03 0.365E-24 0.709E-04 0.274E-04 0.450E-37 0.254E-04 0.450E-37 0.450E-37 0.450E-37 0.450E-37 0.450E-37 0.450E-37 0.450E-37
  4  0.28200E-05  260.82 0.450E-37 0.836E+00 0.496E-37 0.450E-37 0.450E-37 0.450E-37 0.450E-37 0.991E-22 0.162E+00 0.819E-03 0.465E-03 0.906E-25 0.965E-04 0.187E-04 0.450E-37 0.254E-04 0.450E-37 0.450E-37 0.450E-37 0.450E-37 0.450E-37 0.450E-37 0.450E-37
  5  0.39800E-05  259.43 0.450E-37 0.836E+00 0.450E-37 0.450E-37 0.450E-37 0.450E-37 0.450E-37 0.330E-22 0.162E+00 0.819E-03 0.465E-03 0.273E-25 0.111E-03 0.990E-05 0.450E-37 0.254E-04 0.450E-37 0.450E-37 0.450E-37 0.450E-37 0.450E-37 0.450E-37 0.450E-37
  6  0.56200E-05  258.61 0.450E-37 0.836E+00 0.450E-37 0.450E-37 0.450E-37 0.450E-37 0.450E-37 0.130E-22 0.162E+00 0.819E-03 0.465E-03 0.101E-25 0.120E-03 0.507E-05 0.450E-37 0.254E-04 0.450E-37 0.450E-37 0.450E-37 0.450E-37 0.450E-37 0.450E-37 0.450E-37
  7  0.79400E-05  258.27 0.450E-37 0.836E+00 0.450E-37 0.450E-37 0.450E-37 0.450E-37 0.450E-37 0.589E-23 0.162E+00 0.819E-03 0.465E-03 0.447E-26 0.128E-03 0.274E-05 0.450E-37 0.254E-04 0.450E-37 0.450E-37 0.450E-37 0.450E-37 0.450E-37 0.450E-37 0.450E-37
  8  0.11220E-04  258.61 0.450E-37 0.836E+00 0.450E-37 0.450E-37 0.450E-37 0.450E-37 0.450E-37 0.326E-23 0.162E+00 0.819E-03 0.465E-03 0.253E-26 0.133E-03 0.158E-05 0.450E-37 0.254E-04 0.450E-37 0.450E-37 0.450E-37 0.450E-37 0.450E-37 0.450E-37 0.450E-37
  9  0.15850E-04  259.60 0.450E-37 0.836E+00 0.450E-37 0.450E-37 0.450E-37 0.450E-37 0.450E-37 0.219E-23 0.162E+00 0.819E-03 0.465E-03 0.183E-26 0.134E-03 0.941E-06 0.450E-37 0.254E-04 0.450E-37 0.450E-37 0.450E-37 0.450E-37 0.450E-37 0.450E-37 0.450E-37
 10  0.22390E-04  261.13 0.450E-37 0.836E+00 0.457E-37 0.450E-37 0.450E-37 0.450E-37 0.450E-37 0.172E-23 0.162E+00 0.819E-03 0.465E-03 0.161E-26 0.135E-03 0.608E-06 0.450E-37 0.254E-04 0.450E-37 0.450E-37 0.450E-37 0.450E-37 0.450E-37 0.450E-37 0.450E-37
 11  0.31620E-04  262.96 0.450E-37 0.836E+00 0.450E-37 0.450E-37 0.450E-37 0.450E-37 0.450E-37 0.147E-23 0.162E+00 0.819E-03 0.465E-03 0.156E-26 0.136E-03 0.415E-06 0.450E-37 0.254E-04 0.450E-37 0.450E-37 0.450E-37 0.450E-37 0.450E-37 0.450E-37 0.450E-37
 12  0.44670E-04  264.83 0.450E-37 0.836E+00 0.450E-37 0.450E-37 0.450E-37 0.450E-37 0.450E-37 0.126E-23 0.162E+00 0.819E-03 0.465E-03 0.153E-26 0.136E-03 0.279E-06 0.450E-37 0.254E-04 0.450E-37 0.450E-37 0.450E-37 0.450E-37 0.450E-37 0.450E-37 0.450E-37
 13  0.63100E-04  266.51 0.450E-37 0.836E+00 0.450E-37 0.450E-37 0.450E-37 0.450E-37 0.450E-37 0.101E-23 0.162E+00 0.819E-03 0.465E-03 0.138E-26 0.136E-03 0.181E-06 0.450E-37 0.254E-04 0.450E-37 0.450E-37 0.450E-37 0.450E-37 0.450E-37 0.450E-37 0.450E-37
 14  0.89120E-04  267.73 0.450E-37 0.836E+00 0.450E-37 0.450E-37 0.450E-37 0.450E-37 0.450E-37 0.711E-24 0.162E+00 0.819E-03 0.465E-03 0.106E-26 0.137E-03 0.110E-06 0.450E-37 0.254E-04 0.450E-37 0.450E-37 0.450E-37 0.450E-37 0.450E-37 0.450E-37 0.450E-37
 15  0.12589E-03  268.25 0.450E-37 0.836E+00 0.450E-37 0.450E-37 0.450E-37 0.450E-37 0.450E-37 0.411E-24 0.162E+00 0.819E-03 0.465E-03 0.634E-27 0.137E-03 0.600E-07 0.466E-37 0.254E-04 0.450E-37 0.450E-37 0.450E-37 0.450E-37 0.450E-37 0.450E-37 0.450E-37
 16  0.17783E-03  268.04 0.450E-37 0.836E+00 0.450E-37 0.450E-37 0.450E-37 0.450E-37 0.450E-37 0.194E-24 0.162E+00 0.819E-03 0.465E-03 0.295E-27 0.137E-03 0.291E-07 0.489E-37 0.254E-04 0.450E-37 0.450E-37 0.450E-37 0.450E-37 0.450E-37 0.450E-37 0.450E-37
 17  0.25119E-03  267.25 0.450E-37 0.836E+00 0.450E-37 0.450E-37 0.450E-37 0.450E-37 0.450E-37 0.783E-25 0.162E+00 0.819E-03 0.465E-03 0.113E-27 0.137E-03 0.130E-07 0.507E-37 0.254E-04 0.450E-37 0.450E-37 0.450E-37 0.450E-37 0.450E-37 0.450E-37 0.450E-37
 18  0.35481E-03  265.80 0.450E-37 0.836E+00 0.450E-37 0.450E-37 0.450E-37 0.450E-37 0.450E-37 0.261E-25 0.162E+00 0.819E-03 0.465E-03 0.341E-28 0.137E-03 0.521E-08 0.544E-37 0.254E-04 0.450E-37 0.450E-37 0.450E-37 0.450E-37 0.450E-37 0.450E-37 0.450E-37
 19  0.50119E-03  263.66 0.450E-37 0.836E+00 0.450E-37 0.450E-37 0.450E-37 0.450E-37 0.450E-37 0.713E-26 0.162E+00 0.819E-03 0.465E-03 0.798E-29 0.137E-03 0.187E-08 0.560E-37 0.254E-04 0.450E-37 0.450E-37 0.450E-37 0.450E-37 0.450E-37 0.450E-37 0.450E-37
 20  0.70795E-03  260.85 0.450E-37 0.836E+00 0.450E-37 0.450E-37 0.450E-37 0.450E-37 0.450E-37 0.159E-26 0.162E+00 0.819E-03 0.465E-03 0.145E-29 0.137E-03 0.603E-09 0.485E-37 0.254E-04 0.450E-37 0.450E-37 0.450E-37 0.450E-37 0.450E-37 0.450E-37 0.450E-37
 21  0.10000E-02  257.38 0.450E-37 0.836E+00 0.450E-37 0.450E-37 0.450E-37 0.450E-37 0.450E-37 0.284E-27 0.162E+00 0.819E-03 0.465E-03 0.202E-30 0.137E-03 0.173E-09 0.450E-37 0.254E-04 0.450E-37 0.450E-37 0.450E-37 0.450E-37 0.450E-37 0.450E-37 0.450E-37
 22  0.14125E-02  253.61 0.450E-37 0.836E+00 0.450E-37 0.450E-37 0.450E-37 0.450E-37 0.450E-37 0.451E-28 0.162E+00 0.819E-03 0.465E-03 0.241E-31 0.137E-03 0.463E-10 0.450E-37 0.254E-04 0.450E-37 0.450E-37 0.450E-37 0.450E-37 0.450E-37 0.450E-37 0.450E-37
 23  0.19953E-02  250.15 0.450E-37 0.836E+00 0.450E-37 0.450E-37 0.450E-37 0.450E-37 0.450E-37 0.764E-29 0.162E+00 0.819E-03 0.465E-03 0.312E-32 0.137E-03 0.129E-10 0.450E-37 0.254E-04 0.450E-37 0.450E-37 0.450E-37 0.450E-37 0.450E-37 0.450E-37 0.450E-37
 24  0.28184E-02  247.67 0.450E-37 0.836E+00 0.450E-37 0.450E-37 0.450E-37 0.450E-37 0.450E-37 0.173E-29 0.162E+00 0.819E-03 0.465E-03 0.579E-33 0.137E-03 0.419E-11 0.450E-37 0.254E-04 0.450E-37 0.450E-37 0.450E-37 0.450E-37 0.450E-37 0.450E-37 0.450E-37
 25  0.39811E-02  246.61 0.450E-37 0.836E+00 0.450E-37 0.450E-37 0.450E-37 0.450E-37 0.450E-37 0.612E-30 0.162E+00 0.819E-03 0.465E-03 0.188E-33 0.137E-03 0.174E-11 0.450E-37 0.254E-04 0.450E-37 0.450E-37 0.450E-37 0.450E-37 0.450E-37 0.450E-37 0.450E-37
 26  0.56234E-02  246.65 0.450E-37 0.836E+00 0.450E-37 0.450E-37 0.450E-37 0.450E-37 0.450E-37 0.312E-30 0.162E+00 0.819E-03 0.465E-03 0.961E-34 0.137E-03 0.880E-12 0.450E-37 0.254E-04 0.450E-37 0.450E-37 0.450E-37 0.450E-37 0.450E-37 0.450E-37 0.450E-37
 27  0.79433E-02  247.33 0.450E-37 0.836E+00 0.450E-37 0.450E-37 0.450E-37 0.450E-37 0.450E-37 0.195E-30 0.162E+00 0.819E-03 0.465E-03 0.634E-34 0.137E-03 0.497E-12 0.450E-37 0.254E-04 0.450E-37 0.450E-37 0.450E-37 0.450E-37 0.450E-37 0.450E-37 0.450E-37
 28  0.11220E-01  249.07 0.450E-37 0.836E+00 0.450E-37 0.450E-37 0.450E-37 0.450E-37 0.450E-37 0.171E-30 0.162E+00 0.819E-03 0.465E-03 0.640E-34 0.137E-03 0.337E-12 0.450E-37 0.254E-04 0.450E-37 0.450E-37 0.450E-37 0.450E-37 0.450E-37 0.450E-37 0.450E-37
 29  0.15849E-01  252.26 0.450E-37 0.836E+00 0.450E-37 0.450E-37 0.450E-37 0.450E-37 0.450E-37 0.236E-30 0.162E+00 0.819E-03 0.465E-03 0.114E-33 0.137E-03 0.293E-12 0.463E-37 0.254E-04 0.450E-37 0.450E-37 0.450E-37 0.450E-37 0.450E-37 0.450E-37 0.450E-37
 30  0.22387E-01  256.64 0.450E-37 0.836E+00 0.450E-37 0.450E-37 0.450E-37 0.450E-37 0.450E-37 0.454E-30 0.162E+00 0.819E-03 0.465E-03 0.305E-33 0.137E-03 0.305E-12 0.519E-37 0.254E-04 0.450E-37 0.450E-37 0.450E-37 0.450E-37 0.450E-37 0.450E-37 0.450E-37
 31  0.31623E-01  261.94 0.450E-37 0.836E+00 0.450E-37 0.450E-37 0.450E-37 0.450E-37 0.450E-37 0.109E-29 0.162E+00 0.819E-03 0.465E-03 0.108E-32 0.137E-03 0.359E-12 0.123E-36 0.254E-04 0.450E-37 0.450E-37 0.450E-37 0.450E-37 0.450E-37 0.450E-37 0.450E-37
 32  0.44668E-01  268.29 0.450E-37 0.836E+00 0.450E-37 0.450E-37 0.450E-37 0.450E-37 0.450E-37 0.331E-29 0.162E+00 0.819E-03 0.465E-03 0.512E-32 0.137E-03 0.481E-12 0.136E-35 0.254E-04 0.450E-37 0.450E-37 0.450E-37 0.450E-37 0.450E-37 0.450E-37 0.450E-37
 33  0.63096E-01  276.10 0.450E-37 0.836E+00 0.450E-37 0.450E-37 0.450E-37 0.450E-37 0.450E-37 0.135E-28 0.162E+00 0.819E-03 0.465E-03 0.352E-31 0.137E-03 0.762E-12 0.215E-34 0.254E-04 0.450E-37 0.450E-37 0.450E-37 0.450E-37 0.450E-37 0.450E-37 0.450E-37
 34  0.89125E-01  285.99 0.450E-37 0.836E+00 0.224E-36 0.450E-37 0.450E-37 0.450E-37 0.450E-37 0.819E-28 0.162E+00 0.819E-03 0.465E-03 0.395E-30 0.137E-03 0.151E-11 0.539E-33 0.254E-04 0.450E-37 0.450E-37 0.450E-37 0.450E-37 0.450E-37 0.450E-37 0.450E-37
 35  0.12589E+00  299.41 0.450E-37 0.836E+00 0.910E-35 0.450E-37 0.450E-37 0.450E-37 0.450E-37 0.925E-27 0.162E+00 0.819E-03 0.465E-03 0.967E-29 0.137E-03 0.424E-11 0.348E-31 0.254E-04 0.450E-37 0.450E-37 0.450E-37 0.450E-37 0.450E-37 0.450E-37 0.450E-37
 36  0.17783E+00  318.24 0.450E-37 0.836E+00 0.137E-32 0.450E-37 0.450E-37 0.450E-37 0.450E-37 0.237E-25 0.162E+00 0.819E-03 0.465E-03 0.656E-27 0.137E-03 0.191E-10 0.481E-29 0.254E-04 0.450E-37 0.450E-37 0.450E-37 0.450E-37 0.450E-37 0.450E-37 0.450E-37
 37  0.25119E+00  345.34 0.450E-37 0.836E+00 0.743E-30 0.450E-37 0.450E-37 0.450E-37 0.450E-37 0.161E-23 0.162E+00 0.819E-03 0.465E-03 0.150E-24 0.137E-03 0.152E-09 0.203E-26 0.254E-04 0.450E-37 0.450E-37 0.450E-37 0.450E-37 0.450E-37 0.450E-37 0.450E-37
 38  0.35481E+00  383.48 0.450E-37 0.836E+00 0.121E-26 0.450E-37 0.450E-37 0.450E-37 0.450E-37 0.244E-21 0.162E+00 0.819E-03 0.465E-03 0.945E-22 0.137E-03 0.203E-08 0.217E-23 0.254E-04 0.450E-37 0.323E-33 0.450E-37 0.455E-37 0.450E-37 0.450E-37 0.450E-37
 39  0.50119E+00  429.92 0.450E-37 0.836E+00 0.167E-23 0.450E-37 0.450E-37 0.450E-37 0.450E-37 0.358E-19 0.162E+00 0.819E-03 0.465E-03 0.554E-19 0.137E-03 0.266E-07 0.190E-20 0.254E-04 0.450E-37 0.853E-24 0.153E-34 0.147E-33 0.657E-34 0.450E-37 0.450E-37
 40  0.70795E+00  477.52 0.479E-37 0.836E+00 0.632E-21 0.450E-37 0.450E-37 0.450E-37 0.450E-37 0.219E-17 0.162E+00 0.819E-03 0.465E-03 0.104E-16 0.136E-03 0.204E-06 0.500E-18 0.254E-04 0.831E-37 0.139E-20 0.152E-29 0.112E-28 0.538E-29 0.450E-37 0.450E-37
 41  0.10000E+01  525.08 0.111E-34 0.836E+00 0.792E-19 0.450E-37 0.450E-37 0.450E-37 0.450E-37 0.596E-16 0.162E+00 0.819E-03 0.465E-03 0.700E-15 0.132E-03 0.942E-06 0.477E-16 0.254E-04 0.460E-33 0.537E-18 0.187E-25 0.112E-24 0.410E-25 0.404E-36 0.995E-36
 42  0.14125E+01  582.00 0.271E-30 0.836E+00 0.911E-17 0.450E-37 0.543E-37 0.450E-37 0.450E-37 0.155E-14 0.162E+00 0.819E-03 0.465E-03 0.441E-13 0.123E-03 0.397E-05 0.411E-14 0.254E-04 0.354E-29 0.183E-15 0.216E-21 0.101E-20 0.189E-21 0.468E-34 0.533E-33
 43  0.19953E+01  645.02 0.117E-26 0.836E+00 0.650E-15 0.450E-37 0.175E-36 0.450E-37 0.450E-37 0.290E-13 0.162E+00 0.819E-03 0.465E-03 0.180E-11 0.105E-03 0.115E-04 0.223E-12 0.254E-04 0.108E-25 0.332E-13 0.141E-17 0.490E-17 0.312E-19 0.326E-30 0.301E-29
 44  0.28184E+01  714.72 0.307E-23 0.836E+00 0.301E-13 0.450E-37 0.297E-32 0.368E-34 0.450E-37 0.395E-12 0.162E+00 0.819E-03 0.465E-03 0.490E-10 0.829E-04 0.244E-04 0.805E-11 0.254E-04 0.141E-22 0.339E-11 0.496E-14 0.939E-15 0.409E-17 0.916E-27 0.698E-26
 45  0.39811E+01  791.72 0.760E-20 0.836E+00 0.938E-12 0.450E-37 0.764E-28 0.420E-30 0.578E-34 0.401E-11 0.162E+00 0.819E-03 0.465E-03 0.917E-09 0.583E-04 0.345E-04 0.201E-09 0.254E-04 0.858E-20 0.206E-09 0.807E-11 0.714E-13 0.363E-15 0.113E-23 0.724E-23
 46  0.56234E+01  876.61 0.432E-17 0.836E+00 0.205E-10 0.450E-37 0.355E-24 0.283E-26 0.966E-30 0.313E-10 0.162E+00 0.819E-03 0.465E-03 0.122E-07 0.414E-04 0.426E-04 0.360E-08 0.254E-04 0.259E-17 0.780E-08 0.129E-08 0.297E-11 0.189E-13 0.659E-21 0.361E-20
 47  0.79433E+01  914.27 0.323E-16 0.836E+00 0.603E-10 0.450E-37 0.658E-23 0.674E-25 0.366E-28 0.452E-10 0.162E+00 0.819E-03 0.465E-03 0.216E-07 0.437E-04 0.441E-04 0.126E-07 0.254E-04 0.187E-16 0.253E-07 0.567E-08 0.911E-11 0.651E-13 0.681E-20 0.353E-19
 48  0.10000E+02  936.60 0.776E-16 0.836E+00 0.108E-09 0.450E-37 0.266E-22 0.374E-24 0.263E-27 0.517E-10 0.162E+00 0.819E-03 0.465E-03 0.276E-07 0.463E-04 0.441E-04 0.257E-07 0.255E-04 0.535E-16 0.467E-07 0.925E-08 0.151E-10 0.116E-12 0.243E-19 0.122E-18
 49  0.15849E+02  980.93 0.394E-15 0.836E+00 0.310E-09 0.450E-37 0.361E-21 0.862E-23 0.977E-26 0.616E-10 0.162E+00 0.819E-03 0.465E-03 0.404E-07 0.501E-04 0.388E-04 0.961E-07 0.255E-04 0.364E-15 0.140E-06 0.237E-07 0.394E-10 0.345E-12 0.253E-18 0.120E-17
 50  0.22387E+02 1016.29 0.121E-14 0.836E+00 0.674E-09 0.450E-37 0.228E-20 0.856E-22 0.138E-24 0.695E-10 0.162E+00 0.819E-03 0.465E-03 0.529E-07 0.552E-04 0.377E-04 0.217E-06 0.257E-04 0.147E-14 0.298E-06 0.414E-07 0.699E-10 0.701E-12 0.140E-17 0.516E-17
 51  0.31623E+02 1058.05 0.386E-14 0.836E+00 0.160E-08 0.450E-37 0.158E-19 0.108E-20 0.256E-23 0.850E-10 0.162E+00 0.819E-03 0.465E-03 0.759E-07 0.594E-04 0.367E-04 0.376E-06 0.262E-04 0.692E-14 0.754E-06 0.662E-07 0.116E-09 0.145E-11 0.920E-17 0.197E-16
 52  0.44668E+02 1111.56 0.155E-13 0.836E+00 0.456E-08 0.450E-37 0.151E-18 0.225E-19 0.831E-22 0.121E-09 0.162E+00 0.819E-03 0.465E-03 0.131E-06 0.594E-04 0.338E-04 0.526E-06 0.265E-04 0.450E-13 0.185E-05 0.111E-06 0.201E-09 0.309E-11 0.857E-16 0.117E-15
 53  0.63096E+02 1177.90 0.601E-13 0.836E+00 0.149E-07 0.450E-37 0.150E-17 0.676E-18 0.411E-20 0.196E-09 0.162E+00 0.819E-03 0.465E-03 0.259E-06 0.597E-04 0.337E-04 0.524E-06 0.270E-04 0.372E-12 0.275E-05 0.133E-06 0.244E-09 0.456E-11 0.104E-14 0.186E-14
 54  0.89125E+02 1257.66 0.250E-12 0.836E+00 0.535E-07 0.450E-37 0.167E-16 0.254E-16 0.262E-18 0.343E-09 0.162E+00 0.818E-03 0.464E-03 0.559E-06 0.608E-04 0.362E-04 0.517E-06 0.273E-04 0.354E-11 0.341E-05 0.152E-06 0.282E-09 0.620E-11 0.148E-13 0.331E-13
 55  0.12589E+03 1349.38 0.999E-12 0.836E+00 0.193E-06 0.450E-37 0.178E-15 0.960E-15 0.168E-16 0.605E-09 0.162E+00 0.818E-03 0.463E-03 0.121E-05 0.591E-04 0.355E-04 0.505E-06 0.273E-04 0.338E-10 0.342E-05 0.162E-06 0.301E-09 0.753E-11 0.211E-12 0.550E-12
 56  0.17783E+03 1454.87 0.397E-11 0.836E+00 0.691E-06 0.450E-37 0.186E-14 0.349E-13 0.103E-14 0.105E-08 0.162E+00 0.814E-03 0.460E-03 0.259E-05 0.579E-04 0.353E-04 0.487E-06 0.273E-04 0.315E-09 0.344E-05 0.175E-06 0.326E-09 0.946E-11 0.296E-11 0.836E-11
 57  0.25119E+03 1576.34 0.156E-10 0.836E+00 0.244E-05 0.450E-37 0.187E-13 0.118E-11 0.546E-13 0.179E-08 0.162E+00 0.811E-03 0.456E-03 0.537E-05 0.586E-04 0.372E-04 0.462E-06 0.272E-04 0.281E-08 0.348E-05 0.190E-06 0.358E-09 0.123E-10 0.397E-10 0.115E-09
 58  0.35481E+03 1717.02 0.602E-10 0.836E+00 0.839E-05 0.195E-35 0.180E-12 0.362E-10 0.226E-11 0.315E-08 0.162E+00 0.819E-03 0.464E-03 0.112E-04 0.606E-04 0.402E-04 0.430E-06 0.272E-04 0.235E-07 0.351E-05 0.205E-06 0.391E-09 0.158E-10 0.501E-09 0.143E-08
 59  0.50119E+03 1881.58 0.223E-09 0.836E+00 0.282E-04 0.489E-32 0.161E-11 0.104E-08 0.798E-10 0.669E-08 0.162E+00 0.868E-03 0.530E-03 0.266E-04 0.632E-04 0.435E-04 0.393E-06 0.269E-04 0.177E-06 0.351E-05 0.214E-06 0.410E-09 0.185E-10 0.568E-08 0.185E-07
 60  0.70795E+03 2058.25 0.698E-09 0.836E+00 0.824E-04 0.540E-29 0.112E-10 0.666E-08 0.175E-08 0.152E-07 0.162E+00 0.939E-03 0.710E-03 0.648E-04 0.678E-04 0.462E-04 0.356E-06 0.262E-04 0.973E-06 0.348E-05 0.215E-06 0.412E-09 0.194E-10 0.463E-07 0.351E-07
 61  0.10000E+04 2247.40 0.191E-08 0.836E+00 0.212E-03 0.284E-26 0.623E-10 0.496E-08 0.486E-07 0.283E-07 0.162E+00 0.948E-03 0.100E-02 0.135E-03 0.746E-04 0.482E-04 0.325E-06 0.256E-04 0.499E-05 0.343E-05 0.213E-06 0.407E-09 0.196E-10 0.345E-06 0.500E-07
