   25.000000000000000     
  1  0.10000E-05  234.31 0.450E-37 0.836E+00 0.450E-37 0.450E-37 0.450E-37 0.450E-37 0.450E-37 0.141E-24 0.162E+00 0.819E-03 0.465E-03 0.151E-28 0.130E-03 0.252E-05 0.450E-37 0.254E-04 0.450E-37 0.450E-37 0.450E-37 0.450E-37 0.450E-37 0.450E-37 0.450E-37
  2  0.14100E-05  233.59 0.450E-37 0.836E+00 0.450E-37 0.450E-37 0.450E-37 0.450E-37 0.450E-37 0.544E-25 0.162E+00 0.819E-03 0.465E-03 0.548E-29 0.132E-03 0.114E-05 0.450E-37 0.254E-04 0.450E-37 0.450E-37 0.450E-37 0.450E-37 0.450E-37 0.450E-37 0.450E-37
  3  0.20000E-05  232.71 0.450E-37 0.836E+00 0.450E-37 0.450E-37 0.450E-37 0.450E-37 0.450E-37 0.196E-25 0.162E+00 0.819E-03 0.465E-03 0.182E-29 0.135E-03 0.494E-06 0.450E-37 0.254E-04 0.450E-37 0.450E-37 0.450E-37 0.450E-37 0.450E-37 0.450E-37 0.450E-37
  4  0.28200E-05  231.83 0.450E-37 0.836E+00 0.450E-37 0.450E-37 0.450E-37 0.450E-37 0.450E-37 0.712E-26 0.162E+00 0.819E-03 0.465E-03 0.612E-30 0.136E-03 0.214E-06 0.450E-37 0.254E-04 0.450E-37 0.450E-37 0.450E-37 0.450E-37 0.450E-37 0.450E-37 0.450E-37
  5  0.39800E-05  231.06 0.450E-37 0.836E+00 0.450E-37 0.450E-37 0.450E-37 0.450E-37 0.450E-37 0.269E-26 0.162E+00 0.819E-03 0.465E-03 0.215E-30 0.137E-03 0.928E-07 0.450E-37 0.254E-04 0.450E-37 0.450E-37 0.450E-37 0.450E-37 0.450E-37 0.450E-37 0.450E-37
  6  0.56200E-05  230.50 0.450E-37 0.836E+00 0.450E-37 0.450E-37 0.450E-37 0.450E-37 0.450E-37 0.109E-26 0.162E+00 0.819E-03 0.465E-03 0.830E-31 0.137E-03 0.417E-07 0.450E-37 0.254E-04 0.450E-37 0.450E-37 0.450E-37 0.450E-37 0.450E-37 0.450E-37 0.450E-37
  7  0.79400E-05  230.24 0.450E-37 0.836E+00 0.450E-37 0.450E-37 0.450E-37 0.450E-37 0.450E-37 0.495E-27 0.162E+00 0.819E-03 0.465E-03 0.367E-31 0.137E-03 0.198E-07 0.450E-37 0.254E-04 0.450E-37 0.450E-37 0.450E-37 0.450E-37 0.450E-37 0.450E-37 0.450E-37
  8  0.11220E-04  230.20 0.450E-37 0.836E+00 0.450E-37 0.450E-37 0.450E-37 0.450E-37 0.450E-37 0.244E-27 0.162E+00 0.819E-03 0.465E-03 0.181E-31 0.137E-03 0.985E-08 0.450E-37 0.254E-04 0.450E-37 0.450E-37 0.450E-37 0.450E-37 0.450E-37 0.450E-37 0.450E-37
  9  0.15850E-04  230.39 0.450E-37 0.836E+00 0.450E-37 0.450E-37 0.450E-37 0.450E-37 0.450E-37 0.132E-27 0.162E+00 0.819E-03 0.465E-03 0.990E-32 0.137E-03 0.513E-08 0.450E-37 0.254E-04 0.450E-37 0.450E-37 0.450E-37 0.450E-37 0.450E-37 0.450E-37 0.450E-37
 10  0.22390E-04  230.84 0.450E-37 0.836E+00 0.450E-37 0.450E-37 0.450E-37 0.450E-37 0.450E-37 0.783E-28 0.162E+00 0.819E-03 0.465E-03 0.614E-32 0.137E-03 0.282E-08 0.450E-37 0.254E-04 0.450E-37 0.450E-37 0.450E-37 0.450E-37 0.450E-37 0.450E-37 0.450E-37
 11  0.31620E-04  231.44 0.450E-37 0.836E+00 0.450E-37 0.450E-37 0.450E-37 0.450E-37 0.450E-37 0.490E-28 0.162E+00 0.819E-03 0.465E-03 0.406E-32 0.137E-03 0.159E-08 0.450E-37 0.254E-04 0.450E-37 0.450E-37 0.450E-37 0.450E-37 0.450E-37 0.450E-37 0.450E-37
 12  0.44670E-04  232.05 0.450E-37 0.836E+00 0.450E-37 0.450E-37 0.450E-37 0.450E-37 0.450E-37 0.308E-28 0.162E+00 0.819E-03 0.465E-03 0.270E-32 0.137E-03 0.902E-09 0.450E-37 0.254E-04 0.450E-37 0.450E-37 0.450E-37 0.450E-37 0.450E-37 0.450E-37 0.450E-37
 13  0.63100E-04  232.62 0.450E-37 0.836E+00 0.450E-37 0.450E-37 0.450E-37 0.450E-37 0.450E-37 0.190E-28 0.162E+00 0.819E-03 0.465E-03 0.175E-32 0.137E-03 0.506E-09 0.450E-37 0.254E-04 0.450E-37 0.450E-37 0.450E-37 0.450E-37 0.450E-37 0.450E-37 0.450E-37
 14  0.89120E-04  232.95 0.450E-37 0.836E+00 0.450E-37 0.450E-37 0.450E-37 0.450E-37 0.450E-37 0.108E-28 0.162E+00 0.819E-03 0.465E-03 0.102E-32 0.137E-03 0.271E-09 0.450E-37 0.254E-04 0.450E-37 0.450E-37 0.450E-37 0.450E-37 0.450E-37 0.450E-37 0.450E-37
 15  0.12589E-03  232.50 0.450E-37 0.836E+00 0.450E-37 0.450E-37 0.450E-37 0.450E-37 0.450E-37 0.457E-29 0.162E+00 0.819E-03 0.465E-03 0.417E-33 0.137E-03 0.124E-09 0.450E-37 0.254E-04 0.450E-37 0.450E-37 0.450E-37 0.450E-37 0.450E-37 0.450E-37 0.450E-37
 16  0.17783E-03  230.87 0.450E-37 0.836E+00 0.450E-37 0.450E-37 0.450E-37 0.450E-37 0.450E-37 0.125E-29 0.162E+00 0.819E-03 0.465E-03 0.985E-34 0.137E-03 0.450E-10 0.450E-37 0.254E-04 0.450E-37 0.450E-37 0.450E-37 0.450E-37 0.450E-37 0.450E-37 0.450E-37
 17  0.25119E-03  228.42 0.450E-37 0.836E+00 0.450E-37 0.450E-37 0.450E-37 0.450E-37 0.450E-37 0.249E-30 0.162E+00 0.819E-03 0.465E-03 0.156E-34 0.137E-03 0.137E-10 0.450E-37 0.254E-04 0.450E-37 0.450E-37 0.450E-37 0.450E-37 0.450E-37 0.450E-37 0.450E-37
 18  0.35481E-03  225.42 0.450E-37 0.836E+00 0.450E-37 0.450E-37 0.450E-37 0.450E-37 0.450E-37 0.391E-31 0.162E+00 0.819E-03 0.465E-03 0.196E-35 0.137E-03 0.369E-11 0.450E-37 0.254E-04 0.450E-37 0.450E-37 0.450E-37 0.450E-37 0.450E-37 0.450E-37 0.450E-37
 19  0.50119E-03  222.00 0.450E-37 0.836E+00 0.450E-37 0.450E-37 0.450E-37 0.450E-37 0.450E-37 0.503E-32 0.162E+00 0.819E-03 0.465E-03 0.243E-36 0.137E-03 0.894E-12 0.450E-37 0.254E-04 0.450E-37 0.450E-37 0.450E-37 0.450E-37 0.450E-37 0.450E-37 0.450E-37
 20  0.70795E-03  217.90 0.450E-37 0.836E+00 0.450E-37 0.450E-37 0.450E-37 0.450E-37 0.450E-37 0.467E-33 0.162E+00 0.819E-03 0.465E-03 0.610E-37 0.137E-03 0.182E-12 0.450E-37 0.254E-04 0.450E-37 0.450E-37 0.450E-37 0.450E-37 0.450E-37 0.450E-37 0.450E-37
 21  0.10000E-02  213.63 0.450E-37 0.836E+00 0.450E-37 0.450E-37 0.450E-37 0.450E-37 0.450E-37 0.378E-34 0.162E+00 0.819E-03 0.465E-03 0.450E-37 0.137E-03 0.345E-13 0.450E-37 0.254E-04 0.450E-37 0.450E-37 0.450E-37 0.450E-37 0.450E-37 0.450E-37 0.450E-37
 22  0.14125E-02  209.78 0.450E-37 0.836E+00 0.450E-37 0.450E-37 0.450E-37 0.450E-37 0.450E-37 0.346E-35 0.162E+00 0.817E-03 0.465E-03 0.450E-37 0.137E-03 0.696E-14 0.450E-37 0.254E-04 0.450E-37 0.450E-37 0.450E-37 0.450E-37 0.450E-37 0.450E-37 0.450E-37
 23  0.19953E-02  206.90 0.450E-37 0.836E+00 0.450E-37 0.450E-37 0.450E-37 0.450E-37 0.450E-37 0.645E-36 0.162E+00 0.756E-03 0.465E-03 0.450E-37 0.137E-03 0.173E-14 0.450E-37 0.254E-04 0.450E-37 0.450E-37 0.450E-37 0.450E-37 0.450E-37 0.450E-37 0.450E-37
 24  0.28184E-02  205.49 0.450E-37 0.836E+00 0.450E-37 0.450E-37 0.450E-37 0.450E-37 0.450E-37 0.252E-36 0.163E+00 0.686E-03 0.465E-03 0.450E-37 0.137E-03 0.613E-15 0.450E-37 0.254E-04 0.450E-37 0.450E-37 0.450E-37 0.450E-37 0.450E-37 0.450E-37 0.450E-37
 25  0.39811E-02  205.62 0.450E-37 0.836E+00 0.450E-37 0.450E-37 0.450E-37 0.450E-37 0.450E-37 0.167E-36 0.163E+00 0.592E-03 0.466E-03 0.450E-37 0.137E-03 0.317E-15 0.450E-37 0.254E-04 0.450E-37 0.450E-37 0.450E-37 0.450E-37 0.450E-37 0.450E-37 0.450E-37
 26  0.56234E-02  206.46 0.450E-37 0.836E+00 0.450E-37 0.450E-37 0.450E-37 0.450E-37 0.450E-37 0.120E-36 0.163E+00 0.539E-03 0.466E-03 0.450E-37 0.137E-03 0.196E-15 0.450E-37 0.254E-04 0.450E-37 0.450E-37 0.450E-37 0.450E-37 0.450E-37 0.450E-37 0.450E-37
 27  0.79433E-02  207.31 0.450E-37 0.836E+00 0.450E-37 0.450E-37 0.450E-37 0.450E-37 0.450E-37 0.763E-37 0.163E+00 0.516E-03 0.466E-03 0.450E-37 0.137E-03 0.121E-15 0.450E-37 0.254E-04 0.450E-37 0.450E-37 0.450E-37 0.450E-37 0.450E-37 0.450E-37 0.450E-37
 28  0.11220E-01  208.90 0.450E-37 0.836E+00 0.450E-37 0.450E-37 0.450E-37 0.450E-37 0.450E-37 0.524E-37 0.163E+00 0.532E-03 0.466E-03 0.450E-37 0.137E-03 0.893E-16 0.450E-37 0.254E-04 0.450E-37 0.450E-37 0.450E-37 0.450E-37 0.450E-37 0.450E-37 0.450E-37
 29  0.15849E-01  211.67 0.450E-37 0.836E+00 0.450E-37 0.450E-37 0.450E-37 0.450E-37 0.450E-37 0.972E-37 0.163E+00 0.490E-03 0.466E-03 0.450E-37 0.137E-03 0.869E-16 0.450E-37 0.254E-04 0.450E-37 0.450E-37 0.450E-37 0.450E-37 0.450E-37 0.450E-37 0.450E-37
 30  0.22387E-01  214.58 0.450E-37 0.836E+00 0.450E-37 0.450E-37 0.450E-37 0.450E-37 0.450E-37 0.209E-36 0.163E+00 0.490E-03 0.466E-03 0.450E-37 0.137E-03 0.857E-16 0.450E-37 0.254E-04 0.450E-37 0.450E-37 0.450E-37 0.450E-37 0.450E-37 0.450E-37 0.450E-37
 31  0.31623E-01  218.49 0.450E-37 0.836E+00 0.450E-37 0.450E-37 0.450E-37 0.450E-37 0.450E-37 0.385E-36 0.162E+00 0.649E-03 0.465E-03 0.450E-37 0.137E-03 0.104E-15 0.450E-37 0.254E-04 0.450E-37 0.450E-37 0.450E-37 0.450E-37 0.450E-37 0.450E-37 0.450E-37
 32  0.44668E-01  223.98 0.450E-37 0.836E+00 0.450E-37 0.450E-37 0.450E-37 0.450E-37 0.450E-37 0.134E-35 0.163E+00 0.657E-03 0.466E-03 0.450E-37 0.137E-03 0.172E-15 0.450E-37 0.254E-04 0.450E-37 0.450E-37 0.450E-37 0.450E-37 0.450E-37 0.450E-37 0.450E-37
 33  0.63096E-01  229.87 0.450E-37 0.836E+00 0.450E-37 0.450E-37 0.450E-37 0.450E-37 0.450E-37 0.684E-35 0.162E+00 0.813E-03 0.465E-03 0.450E-37 0.137E-03 0.292E-15 0.450E-37 0.254E-04 0.450E-37 0.450E-37 0.450E-37 0.450E-37 0.450E-37 0.450E-37 0.450E-37
 34  0.89125E-01  237.35 0.450E-37 0.836E+00 0.450E-37 0.450E-37 0.450E-37 0.450E-37 0.450E-37 0.524E-34 0.162E+00 0.819E-03 0.465E-03 0.502E-37 0.137E-03 0.635E-15 0.450E-37 0.254E-04 0.450E-37 0.450E-37 0.450E-37 0.450E-37 0.450E-37 0.450E-37 0.450E-37
 35  0.12589E+00  246.68 0.450E-37 0.836E+00 0.450E-37 0.450E-37 0.450E-37 0.450E-37 0.450E-37 0.627E-33 0.162E+00 0.819E-03 0.465E-03 0.299E-36 0.137E-03 0.176E-14 0.450E-37 0.254E-04 0.450E-37 0.450E-37 0.450E-37 0.450E-37 0.450E-37 0.450E-37 0.450E-37
 36  0.17783E+00  259.38 0.450E-37 0.836E+00 0.450E-37 0.450E-37 0.450E-37 0.450E-37 0.450E-37 0.163E-31 0.162E+00 0.819E-03 0.465E-03 0.134E-34 0.137E-03 0.755E-14 0.207E-36 0.254E-04 0.450E-37 0.450E-37 0.450E-37 0.450E-37 0.450E-37 0.450E-37 0.450E-37
 37  0.25119E+00  277.62 0.450E-37 0.836E+00 0.450E-37 0.450E-37 0.450E-37 0.450E-37 0.450E-37 0.126E-29 0.162E+00 0.819E-03 0.465E-03 0.362E-32 0.137E-03 0.596E-13 0.968E-34 0.254E-04 0.450E-37 0.450E-37 0.450E-37 0.450E-37 0.450E-37 0.450E-37 0.450E-37
 38  0.35481E+00  304.51 0.450E-37 0.836E+00 0.235E-34 0.450E-37 0.450E-37 0.450E-37 0.450E-37 0.355E-27 0.162E+00 0.819E-03 0.465E-03 0.488E-29 0.137E-03 0.992E-12 0.287E-30 0.254E-04 0.450E-37 0.450E-37 0.450E-37 0.450E-37 0.450E-37 0.450E-37 0.450E-37
 39  0.50119E+00  341.93 0.450E-37 0.836E+00 0.246E-30 0.450E-37 0.450E-37 0.450E-37 0.450E-37 0.227E-24 0.162E+00 0.819E-03 0.465E-03 0.184E-25 0.137E-03 0.276E-10 0.173E-26 0.254E-04 0.450E-37 0.450E-37 0.450E-37 0.450E-37 0.450E-37 0.450E-37 0.450E-37
 40  0.70795E+00  386.99 0.450E-37 0.836E+00 0.159E-26 0.450E-37 0.450E-37 0.450E-37 0.450E-37 0.973E-22 0.162E+00 0.819E-03 0.465E-03 0.424E-22 0.137E-03 0.670E-09 0.630E-23 0.254E-04 0.450E-37 0.807E-32 0.450E-37 0.453E-37 0.450E-37 0.450E-37 0.450E-37
 41  0.10000E+01  430.99 0.450E-37 0.836E+00 0.138E-23 0.450E-37 0.450E-37 0.450E-37 0.450E-37 0.101E-19 0.162E+00 0.819E-03 0.465E-03 0.161E-19 0.137E-03 0.717E-08 0.364E-20 0.254E-04 0.450E-37 0.519E-24 0.732E-35 0.701E-34 0.313E-34 0.450E-37 0.450E-37
 42  0.14125E+01  472.50 0.450E-37 0.836E+00 0.249E-21 0.450E-37 0.450E-37 0.450E-37 0.450E-37 0.347E-18 0.162E+00 0.819E-03 0.465E-03 0.148E-17 0.137E-03 0.397E-07 0.505E-18 0.254E-04 0.450E-37 0.331E-21 0.169E-30 0.128E-29 0.609E-30 0.450E-37 0.450E-37
 43  0.19953E+01  519.95 0.288E-35 0.836E+00 0.342E-19 0.450E-37 0.450E-37 0.450E-37 0.450E-37 0.101E-16 0.162E+00 0.819E-03 0.465E-03 0.108E-15 0.135E-03 0.198E-06 0.524E-16 0.254E-04 0.903E-34 0.144E-18 0.238E-26 0.145E-25 0.664E-26 0.237E-36 0.489E-36
 44  0.28184E+01  576.33 0.471E-31 0.836E+00 0.412E-17 0.450E-37 0.460E-37 0.450E-37 0.450E-37 0.271E-15 0.162E+00 0.819E-03 0.465E-03 0.711E-14 0.135E-03 0.963E-06 0.473E-14 0.254E-04 0.763E-30 0.526E-16 0.271E-22 0.133E-21 0.618E-22 0.134E-34 0.155E-33
 45  0.39811E+01  638.74 0.188E-27 0.836E+00 0.308E-15 0.450E-37 0.883E-37 0.450E-37 0.450E-37 0.524E-14 0.162E+00 0.819E-03 0.465E-03 0.303E-12 0.126E-03 0.347E-05 0.267E-12 0.254E-04 0.252E-26 0.101E-13 0.175E-18 0.707E-18 0.105E-19 0.102E-30 0.957E-30
 46  0.56234E+01  707.78 0.503E-24 0.836E+00 0.148E-13 0.450E-37 0.560E-33 0.110E-34 0.450E-37 0.735E-13 0.162E+00 0.819E-03 0.465E-03 0.856E-11 0.108E-03 0.869E-05 0.999E-11 0.254E-04 0.357E-23 0.108E-11 0.599E-15 0.265E-15 0.137E-17 0.310E-27 0.241E-26
 47  0.79433E+01  784.06 0.103E-20 0.836E+00 0.479E-12 0.450E-37 0.120E-28 0.833E-31 0.155E-34 0.767E-12 0.162E+00 0.819E-03 0.465E-03 0.166E-09 0.912E-04 0.181E-04 0.259E-09 0.254E-04 0.233E-20 0.690E-10 0.999E-12 0.242E-13 0.120E-15 0.413E-24 0.269E-23
 48  0.10000E+02  839.17 0.989E-19 0.836E+00 0.396E-11 0.450E-37 0.486E-26 0.353E-28 0.726E-32 0.315E-11 0.162E+00 0.819E-03 0.465E-03 0.986E-09 0.795E-04 0.257E-04 0.186E-08 0.254E-04 0.117E-18 0.839E-09 0.528E-10 0.318E-12 0.184E-14 0.325E-22 0.190E-21
 49  0.15849E+02  914.02 0.139E-16 0.836E+00 0.424E-10 0.450E-37 0.397E-23 0.330E-25 0.179E-28 0.113E-10 0.162E+00 0.819E-03 0.465E-03 0.540E-08 0.699E-04 0.282E-04 0.209E-07 0.254E-04 0.922E-17 0.126E-07 0.306E-08 0.489E-11 0.343E-13 0.475E-20 0.246E-19
 50  0.22387E+02  966.42 0.136E-15 0.836E+00 0.174E-09 0.450E-37 0.117E-21 0.195E-23 0.190E-26 0.218E-10 0.162E+00 0.819E-03 0.465E-03 0.134E-07 0.683E-04 0.295E-04 0.894E-07 0.255E-04 0.121E-15 0.605E-07 0.121E-07 0.197E-10 0.162E-12 0.941E-19 0.453E-18
 51  0.31623E+02 1020.55 0.101E-14 0.836E+00 0.633E-09 0.450E-37 0.241E-20 0.822E-22 0.138E-24 0.383E-10 0.162E+00 0.819E-03 0.465E-03 0.296E-07 0.697E-04 0.318E-04 0.273E-06 0.257E-04 0.127E-14 0.250E-06 0.363E-07 0.612E-10 0.611E-12 0.146E-17 0.510E-17
 52  0.44668E+02 1083.27 0.658E-14 0.836E+00 0.243E-08 0.450E-37 0.447E-19 0.393E-20 0.115E-22 0.707E-10 0.162E+00 0.819E-03 0.465E-03 0.691E-07 0.656E-04 0.301E-04 0.476E-06 0.262E-04 0.143E-13 0.108E-05 0.820E-07 0.146E-09 0.198E-11 0.248E-16 0.390E-16
 53  0.63096E+02 1157.56 0.369E-13 0.836E+00 0.100E-07 0.450E-37 0.736E-18 0.224E-18 0.118E-20 0.139E-09 0.162E+00 0.819E-03 0.465E-03 0.173E-06 0.636E-04 0.313E-04 0.526E-06 0.268E-04 0.180E-12 0.224E-05 0.121E-06 0.221E-09 0.383E-11 0.474E-15 0.784E-15
 54  0.89125E+02 1243.87 0.192E-12 0.836E+00 0.422E-07 0.450E-37 0.113E-16 0.133E-16 0.126E-18 0.280E-09 0.162E+00 0.819E-03 0.464E-03 0.440E-06 0.633E-04 0.348E-04 0.519E-06 0.273E-04 0.231E-11 0.341E-05 0.150E-06 0.278E-09 0.598E-11 0.931E-14 0.202E-13
 55  0.12589E+03 1340.13 0.858E-12 0.836E+00 0.168E-06 0.450E-37 0.142E-15 0.659E-15 0.109E-16 0.537E-09 0.162E+00 0.818E-03 0.463E-03 0.106E-05 0.605E-04 0.347E-04 0.507E-06 0.273E-04 0.264E-10 0.341E-05 0.161E-06 0.298E-09 0.736E-11 0.162E-12 0.416E-12
 56  0.17783E+03 1448.66 0.364E-11 0.836E+00 0.638E-06 0.450E-37 0.163E-14 0.281E-13 0.804E-15 0.982E-09 0.162E+00 0.815E-03 0.460E-03 0.239E-05 0.587E-04 0.349E-04 0.488E-06 0.273E-04 0.274E-09 0.344E-05 0.174E-06 0.324E-09 0.931E-11 0.254E-11 0.715E-11
 57  0.25119E+03 1572.15 0.149E-10 0.836E+00 0.233E-05 0.450E-37 0.174E-13 0.104E-11 0.476E-13 0.172E-08 0.162E+00 0.811E-03 0.456E-03 0.513E-05 0.591E-04 0.370E-04 0.463E-06 0.272E-04 0.259E-08 0.347E-05 0.190E-06 0.357E-09 0.122E-10 0.364E-10 0.105E-09
 58  0.35481E+03 1714.10 0.584E-10 0.836E+00 0.817E-05 0.167E-35 0.172E-12 0.337E-10 0.210E-11 0.308E-08 0.162E+00 0.819E-03 0.464E-03 0.109E-04 0.609E-04 0.401E-04 0.431E-06 0.272E-04 0.224E-07 0.351E-05 0.205E-06 0.390E-09 0.157E-10 0.475E-09 0.136E-08
 59  0.50119E+03 1878.44 0.217E-09 0.836E+00 0.275E-04 0.424E-32 0.155E-11 0.976E-09 0.745E-10 0.654E-08 0.162E+00 0.868E-03 0.529E-03 0.260E-04 0.635E-04 0.434E-04 0.394E-06 0.269E-04 0.170E-06 0.351E-05 0.214E-06 0.410E-09 0.185E-10 0.543E-08 0.176E-07
 60  0.70795E+03 2054.88 0.682E-09 0.836E+00 0.806E-04 0.475E-29 0.108E-10 0.669E-08 0.165E-08 0.149E-07 0.162E+00 0.938E-03 0.710E-03 0.634E-04 0.681E-04 0.461E-04 0.357E-06 0.262E-04 0.939E-06 0.348E-05 0.215E-06 0.412E-09 0.194E-10 0.445E-07 0.350E-07
 61  0.10000E+04 2243.80 0.187E-08 0.836E+00 0.208E-03 0.253E-26 0.605E-10 0.500E-08 0.450E-07 0.280E-07 0.162E+00 0.951E-03 0.101E-02 0.133E-03 0.749E-04 0.481E-04 0.326E-06 0.256E-04 0.481E-05 0.343E-05 0.213E-06 0.407E-09 0.196E-10 0.331E-06 0.499E-07
