   25.000000000000000     
  1  0.10000E-05  169.61 0.450E-37 0.836E+00 0.450E-37 0.450E-37 0.450E-37 0.450E-37 0.450E-37 0.450E-37 0.162E+00 0.815E-03 0.465E-03 0.450E-37 0.137E-03 0.103E-12 0.450E-37 0.254E-04 0.450E-37 0.450E-37 0.450E-37 0.450E-37 0.450E-37 0.450E-37 0.450E-37
  2  0.14100E-05  168.09 0.450E-37 0.836E+00 0.450E-37 0.450E-37 0.450E-37 0.450E-37 0.450E-37 0.450E-37 0.162E+00 0.750E-03 0.465E-03 0.450E-37 0.137E-03 0.299E-13 0.450E-37 0.254E-04 0.450E-37 0.450E-37 0.450E-37 0.450E-37 0.450E-37 0.450E-37 0.450E-37
  3  0.20000E-05  165.98 0.450E-37 0.836E+00 0.450E-37 0.450E-37 0.450E-37 0.450E-37 0.450E-37 0.450E-37 0.162E+00 0.593E-03 0.465E-03 0.450E-37 0.137E-03 0.681E-14 0.450E-37 0.254E-04 0.450E-37 0.450E-37 0.450E-37 0.450E-37 0.450E-37 0.450E-37 0.450E-37
  4  0.28200E-05  163.69 0.450E-37 0.836E+00 0.450E-37 0.450E-37 0.450E-37 0.450E-37 0.450E-37 0.450E-37 0.163E+00 0.397E-03 0.466E-03 0.450E-37 0.137E-03 0.143E-14 0.450E-37 0.254E-04 0.450E-37 0.450E-37 0.450E-37 0.450E-37 0.450E-37 0.450E-37 0.450E-37
  5  0.39800E-05  161.40 0.450E-37 0.837E+00 0.450E-37 0.450E-37 0.450E-37 0.450E-37 0.450E-37 0.450E-37 0.163E+00 0.223E-03 0.466E-03 0.450E-37 0.137E-03 0.294E-15 0.450E-37 0.254E-04 0.450E-37 0.450E-37 0.450E-37 0.450E-37 0.450E-37 0.450E-37 0.450E-37
  6  0.56200E-05  159.60 0.450E-37 0.837E+00 0.450E-37 0.450E-37 0.450E-37 0.450E-37 0.450E-37 0.450E-37 0.163E+00 0.115E-03 0.466E-03 0.450E-37 0.137E-03 0.715E-16 0.450E-37 0.254E-04 0.450E-37 0.450E-37 0.450E-37 0.450E-37 0.450E-37 0.450E-37 0.450E-37
  7  0.79400E-05  158.46 0.450E-37 0.837E+00 0.450E-37 0.450E-37 0.450E-37 0.450E-37 0.450E-37 0.450E-37 0.163E+00 0.617E-04 0.466E-03 0.450E-37 0.137E-03 0.225E-16 0.450E-37 0.254E-04 0.450E-37 0.450E-37 0.450E-37 0.450E-37 0.450E-37 0.450E-37 0.450E-37
  8  0.11220E-04  157.56 0.450E-37 0.837E+00 0.450E-37 0.450E-37 0.450E-37 0.450E-37 0.450E-37 0.450E-37 0.163E+00 0.350E-04 0.466E-03 0.450E-37 0.137E-03 0.779E-17 0.450E-37 0.254E-04 0.450E-37 0.450E-37 0.450E-37 0.450E-37 0.450E-37 0.450E-37 0.450E-37
  9  0.15850E-04  156.70 0.450E-37 0.837E+00 0.450E-37 0.450E-37 0.450E-37 0.450E-37 0.450E-37 0.450E-37 0.163E+00 0.200E-04 0.466E-03 0.450E-37 0.137E-03 0.273E-17 0.450E-37 0.254E-04 0.450E-37 0.450E-37 0.450E-37 0.450E-37 0.450E-37 0.450E-37 0.450E-37
 10  0.22390E-04  155.85 0.450E-37 0.837E+00 0.450E-37 0.450E-37 0.450E-37 0.450E-37 0.450E-37 0.450E-37 0.163E+00 0.114E-04 0.466E-03 0.450E-37 0.137E-03 0.954E-18 0.450E-37 0.254E-04 0.450E-37 0.450E-37 0.450E-37 0.450E-37 0.450E-37 0.450E-37 0.450E-37
 11  0.31620E-04  154.69 0.450E-37 0.837E+00 0.450E-37 0.450E-37 0.450E-37 0.450E-37 0.450E-37 0.450E-37 0.163E+00 0.599E-05 0.466E-03 0.450E-37 0.137E-03 0.291E-18 0.450E-37 0.254E-04 0.450E-37 0.450E-37 0.450E-37 0.450E-37 0.450E-37 0.450E-37 0.450E-37
 12  0.44670E-04  153.02 0.450E-37 0.837E+00 0.450E-37 0.450E-37 0.450E-37 0.450E-37 0.450E-37 0.450E-37 0.163E+00 0.275E-05 0.466E-03 0.450E-37 0.137E-03 0.709E-19 0.450E-37 0.254E-04 0.450E-37 0.450E-37 0.450E-37 0.450E-37 0.450E-37 0.450E-37 0.450E-37
 13  0.63100E-04  150.98 0.450E-37 0.837E+00 0.450E-37 0.450E-37 0.450E-37 0.450E-37 0.450E-37 0.450E-37 0.163E+00 0.113E-05 0.466E-03 0.450E-37 0.137E-03 0.143E-19 0.450E-37 0.254E-04 0.450E-37 0.450E-37 0.450E-37 0.450E-37 0.450E-37 0.450E-37 0.450E-37
 14  0.89120E-04  148.73 0.450E-37 0.837E+00 0.450E-37 0.450E-37 0.450E-37 0.450E-37 0.450E-37 0.450E-37 0.163E+00 0.430E-06 0.466E-03 0.450E-37 0.137E-03 0.257E-20 0.450E-37 0.194E-04 0.450E-37 0.450E-37 0.450E-37 0.450E-37 0.450E-37 0.450E-37 0.450E-37
 15  0.12589E-03  146.77 0.450E-37 0.837E+00 0.450E-37 0.450E-37 0.450E-37 0.450E-37 0.450E-37 0.450E-37 0.163E+00 0.175E-06 0.466E-03 0.450E-37 0.137E-03 0.511E-21 0.450E-37 0.101E-04 0.450E-37 0.450E-37 0.450E-37 0.450E-37 0.450E-37 0.450E-37 0.450E-37
 16  0.17783E-03  145.13 0.450E-37 0.837E+00 0.450E-37 0.450E-37 0.450E-37 0.450E-37 0.450E-37 0.450E-37 0.163E+00 0.770E-07 0.466E-03 0.450E-37 0.137E-03 0.117E-21 0.450E-37 0.508E-05 0.450E-37 0.450E-37 0.450E-37 0.450E-37 0.450E-37 0.450E-37 0.450E-37
 17  0.25119E-03  143.98 0.450E-37 0.837E+00 0.450E-37 0.450E-37 0.450E-37 0.450E-37 0.450E-37 0.450E-37 0.163E+00 0.387E-07 0.466E-03 0.450E-37 0.137E-03 0.332E-22 0.450E-37 0.279E-05 0.450E-37 0.450E-37 0.450E-37 0.450E-37 0.450E-37 0.450E-37 0.450E-37
 18  0.35481E-03  143.08 0.450E-37 0.837E+00 0.450E-37 0.450E-37 0.450E-37 0.450E-37 0.450E-37 0.450E-37 0.163E+00 0.210E-07 0.466E-03 0.450E-37 0.137E-03 0.107E-22 0.450E-37 0.158E-05 0.450E-37 0.450E-37 0.450E-37 0.450E-37 0.450E-37 0.450E-37 0.450E-37
 19  0.50119E-03  142.25 0.450E-37 0.837E+00 0.450E-37 0.450E-37 0.450E-37 0.450E-37 0.450E-37 0.450E-37 0.163E+00 0.115E-07 0.466E-03 0.450E-37 0.137E-03 0.352E-23 0.450E-37 0.892E-06 0.450E-37 0.450E-37 0.450E-37 0.450E-37 0.450E-37 0.450E-37 0.450E-37
 20  0.70795E-03  141.24 0.450E-37 0.837E+00 0.450E-37 0.450E-37 0.450E-37 0.450E-37 0.450E-37 0.450E-37 0.163E+00 0.600E-08 0.466E-03 0.450E-37 0.137E-03 0.106E-23 0.450E-37 0.478E-06 0.450E-37 0.450E-37 0.450E-37 0.450E-37 0.450E-37 0.450E-37 0.450E-37
 21  0.10000E-02  140.03 0.450E-37 0.837E+00 0.450E-37 0.450E-37 0.450E-37 0.450E-37 0.450E-37 0.450E-37 0.163E+00 0.291E-08 0.466E-03 0.450E-37 0.137E-03 0.283E-24 0.450E-37 0.241E-06 0.450E-37 0.450E-37 0.450E-37 0.450E-37 0.450E-37 0.450E-37 0.450E-37
 22  0.14125E-02  138.59 0.450E-37 0.837E+00 0.450E-37 0.450E-37 0.450E-37 0.450E-37 0.450E-37 0.450E-37 0.163E+00 0.130E-08 0.466E-03 0.450E-37 0.137E-03 0.666E-25 0.450E-37 0.113E-06 0.450E-37 0.450E-37 0.450E-37 0.450E-37 0.450E-37 0.450E-37 0.450E-37
 23  0.19953E-02  137.18 0.450E-37 0.837E+00 0.450E-37 0.450E-37 0.450E-37 0.450E-37 0.450E-37 0.450E-37 0.163E+00 0.582E-09 0.466E-03 0.450E-37 0.137E-03 0.156E-25 0.450E-37 0.529E-07 0.450E-37 0.450E-37 0.450E-37 0.450E-37 0.450E-37 0.450E-37 0.450E-37
 24  0.28184E-02  136.18 0.450E-37 0.837E+00 0.450E-37 0.450E-37 0.450E-37 0.450E-37 0.450E-37 0.450E-37 0.163E+00 0.297E-09 0.466E-03 0.450E-37 0.137E-03 0.456E-26 0.450E-37 0.279E-07 0.450E-37 0.450E-37 0.450E-37 0.450E-37 0.450E-37 0.450E-37 0.450E-37
 25  0.39811E-02  135.61 0.450E-37 0.837E+00 0.450E-37 0.450E-37 0.450E-37 0.450E-37 0.450E-37 0.450E-37 0.163E+00 0.174E-09 0.466E-03 0.450E-37 0.137E-03 0.167E-26 0.450E-37 0.166E-07 0.450E-37 0.450E-37 0.450E-37 0.450E-37 0.450E-37 0.450E-37 0.450E-37
 26  0.56234E-02  135.30 0.450E-37 0.837E+00 0.450E-37 0.450E-37 0.450E-37 0.450E-37 0.450E-37 0.450E-37 0.163E+00 0.111E-09 0.466E-03 0.450E-37 0.137E-03 0.705E-27 0.450E-37 0.107E-07 0.450E-37 0.450E-37 0.450E-37 0.450E-37 0.450E-37 0.450E-37 0.450E-37
 27  0.79433E-02  135.02 0.450E-37 0.837E+00 0.450E-37 0.450E-37 0.450E-37 0.450E-37 0.450E-37 0.450E-37 0.163E+00 0.712E-10 0.466E-03 0.450E-37 0.137E-03 0.301E-27 0.450E-37 0.695E-08 0.450E-37 0.450E-37 0.450E-37 0.450E-37 0.450E-37 0.450E-37 0.450E-37
 28  0.11220E-01  135.10 0.450E-37 0.837E+00 0.450E-37 0.450E-37 0.450E-37 0.450E-37 0.450E-37 0.450E-37 0.163E+00 0.519E-10 0.466E-03 0.450E-37 0.137E-03 0.158E-27 0.450E-37 0.505E-08 0.450E-37 0.450E-37 0.450E-37 0.450E-37 0.450E-37 0.450E-37 0.450E-37
 29  0.15849E-01  136.04 0.450E-37 0.837E+00 0.450E-37 0.450E-37 0.450E-37 0.450E-37 0.450E-37 0.450E-37 0.163E+00 0.504E-10 0.466E-03 0.450E-37 0.137E-03 0.134E-27 0.450E-37 0.475E-08 0.450E-37 0.450E-37 0.450E-37 0.450E-37 0.450E-37 0.450E-37 0.450E-37
 30  0.22387E-01  137.73 0.450E-37 0.837E+00 0.450E-37 0.450E-37 0.450E-37 0.450E-37 0.450E-37 0.450E-37 0.163E+00 0.621E-10 0.466E-03 0.450E-37 0.137E-03 0.167E-27 0.450E-37 0.554E-08 0.450E-37 0.450E-37 0.450E-37 0.450E-37 0.450E-37 0.450E-37 0.450E-37
 31  0.31623E-01  139.72 0.450E-37 0.837E+00 0.450E-37 0.450E-37 0.450E-37 0.450E-37 0.450E-37 0.450E-37 0.163E+00 0.834E-10 0.466E-03 0.450E-37 0.137E-03 0.240E-27 0.450E-37 0.698E-08 0.450E-37 0.450E-37 0.450E-37 0.450E-37 0.450E-37 0.450E-37 0.450E-37
 32  0.44668E-01  141.64 0.450E-37 0.837E+00 0.450E-37 0.450E-37 0.450E-37 0.450E-37 0.450E-37 0.450E-37 0.163E+00 0.107E-09 0.466E-03 0.450E-37 0.137E-03 0.325E-27 0.450E-37 0.844E-08 0.450E-37 0.450E-37 0.450E-37 0.450E-37 0.450E-37 0.450E-37 0.450E-37
 33  0.63096E-01  143.07 0.450E-37 0.837E+00 0.450E-37 0.450E-37 0.450E-37 0.450E-37 0.450E-37 0.450E-37 0.163E+00 0.118E-09 0.466E-03 0.450E-37 0.137E-03 0.336E-27 0.450E-37 0.886E-08 0.450E-37 0.450E-37 0.450E-37 0.450E-37 0.450E-37 0.450E-37 0.450E-37
 34  0.89125E-01  144.45 0.450E-37 0.837E+00 0.450E-37 0.450E-37 0.450E-37 0.450E-37 0.450E-37 0.450E-37 0.163E+00 0.126E-09 0.466E-03 0.450E-37 0.137E-03 0.333E-27 0.450E-37 0.907E-08 0.450E-37 0.450E-37 0.450E-37 0.450E-37 0.450E-37 0.450E-37 0.450E-37
 35  0.12589E+00  147.11 0.450E-37 0.837E+00 0.450E-37 0.450E-37 0.450E-37 0.450E-37 0.450E-37 0.450E-37 0.163E+00 0.193E-09 0.466E-03 0.450E-37 0.136E-03 0.527E-27 0.450E-37 0.129E-07 0.450E-37 0.450E-37 0.450E-37 0.450E-37 0.450E-37 0.450E-37 0.450E-37
 36  0.17783E+00  151.89 0.450E-37 0.837E+00 0.450E-37 0.450E-37 0.450E-37 0.450E-37 0.450E-37 0.450E-37 0.163E+00 0.511E-09 0.466E-03 0.450E-37 0.137E-03 0.270E-26 0.450E-37 0.299E-07 0.450E-37 0.450E-37 0.450E-37 0.450E-37 0.450E-37 0.450E-37 0.450E-37
 37  0.25119E+00  159.74 0.450E-37 0.837E+00 0.450E-37 0.450E-37 0.450E-37 0.450E-37 0.450E-37 0.450E-37 0.163E+00 0.266E-08 0.466E-03 0.450E-37 0.137E-03 0.378E-25 0.450E-37 0.128E-06 0.450E-37 0.450E-37 0.450E-37 0.450E-37 0.450E-37 0.450E-37 0.450E-37
 38  0.35481E+00  170.69 0.450E-37 0.837E+00 0.450E-37 0.450E-37 0.450E-37 0.450E-37 0.450E-37 0.450E-37 0.163E+00 0.225E-07 0.466E-03 0.450E-37 0.137E-03 0.121E-23 0.450E-37 0.841E-06 0.450E-37 0.450E-37 0.450E-37 0.450E-37 0.450E-37 0.450E-37 0.450E-37
 39  0.50119E+00  190.73 0.450E-37 0.837E+00 0.450E-37 0.450E-37 0.450E-37 0.450E-37 0.450E-37 0.450E-37 0.163E+00 0.713E-06 0.466E-03 0.450E-37 0.137E-03 0.370E-21 0.450E-37 0.162E-04 0.450E-37 0.450E-37 0.450E-37 0.450E-37 0.450E-37 0.450E-37 0.450E-37
 40  0.70795E+00  212.82 0.450E-37 0.837E+00 0.450E-37 0.450E-37 0.450E-37 0.450E-37 0.450E-37 0.450E-37 0.163E+00 0.145E-04 0.466E-03 0.450E-37 0.137E-03 0.571E-19 0.450E-37 0.254E-04 0.450E-37 0.450E-37 0.450E-37 0.450E-37 0.450E-37 0.450E-37 0.450E-37
 41  0.10000E+01  237.10 0.450E-37 0.837E+00 0.450E-37 0.450E-37 0.450E-37 0.450E-37 0.450E-37 0.901E-37 0.163E+00 0.201E-03 0.466E-03 0.450E-37 0.137E-03 0.482E-17 0.450E-37 0.254E-04 0.450E-37 0.450E-37 0.450E-37 0.450E-37 0.450E-37 0.450E-37 0.450E-37
 42  0.14125E+01  263.77 0.450E-37 0.836E+00 0.450E-37 0.450E-37 0.450E-37 0.450E-37 0.450E-37 0.853E-33 0.162E+00 0.786E-03 0.465E-03 0.100E-35 0.137E-03 0.240E-15 0.399E-35 0.254E-04 0.450E-37 0.450E-37 0.450E-37 0.450E-37 0.450E-37 0.450E-37 0.450E-37
 43  0.19953E+01  293.09 0.450E-37 0.836E+00 0.346E-36 0.450E-37 0.450E-37 0.450E-37 0.450E-37 0.880E-30 0.162E+00 0.819E-03 0.465E-03 0.644E-32 0.137E-03 0.763E-14 0.441E-31 0.254E-04 0.450E-37 0.450E-37 0.450E-37 0.450E-37 0.450E-37 0.450E-37 0.450E-37
 44  0.28184E+01  325.37 0.450E-37 0.836E+00 0.209E-32 0.450E-37 0.450E-37 0.450E-37 0.450E-37 0.371E-27 0.162E+00 0.819E-03 0.465E-03 0.144E-28 0.137E-03 0.164E-12 0.193E-27 0.254E-04 0.450E-37 0.450E-37 0.450E-37 0.450E-37 0.450E-37 0.450E-37 0.450E-37
 45  0.39811E+01  360.98 0.450E-37 0.836E+00 0.504E-29 0.450E-37 0.450E-37 0.450E-37 0.450E-37 0.776E-25 0.162E+00 0.819E-03 0.465E-03 0.135E-25 0.137E-03 0.252E-11 0.302E-24 0.254E-04 0.450E-37 0.450E-37 0.450E-37 0.450E-37 0.450E-37 0.450E-37 0.450E-37
 46  0.56234E+01  400.33 0.450E-37 0.836E+00 0.543E-26 0.450E-37 0.450E-37 0.450E-37 0.450E-37 0.837E-23 0.162E+00 0.819E-03 0.465E-03 0.560E-23 0.137E-03 0.286E-10 0.220E-21 0.254E-04 0.450E-37 0.242E-27 0.455E-37 0.470E-37 0.465E-37 0.450E-37 0.450E-37
 47  0.79433E+01  443.87 0.450E-37 0.836E+00 0.288E-23 0.450E-37 0.450E-37 0.450E-37 0.450E-37 0.646E-21 0.162E+00 0.819E-03 0.465E-03 0.142E-20 0.137E-03 0.250E-09 0.810E-19 0.254E-04 0.450E-37 0.620E-24 0.108E-34 0.951E-34 0.433E-34 0.450E-37 0.450E-37
 48  0.10000E+02  475.46 0.450E-37 0.836E+00 0.132E-21 0.450E-37 0.450E-37 0.450E-37 0.450E-37 0.910E-20 0.162E+00 0.819E-03 0.465E-03 0.413E-19 0.137E-03 0.928E-09 0.296E-17 0.254E-04 0.469E-37 0.725E-22 0.176E-31 0.132E-30 0.629E-31 0.450E-37 0.450E-37
 49  0.15849E+02  545.48 0.495E-34 0.836E+00 0.130E-18 0.450E-37 0.450E-37 0.450E-37 0.450E-37 0.107E-17 0.162E+00 0.819E-03 0.465E-03 0.176E-16 0.137E-03 0.960E-08 0.189E-14 0.254E-04 0.101E-32 0.360E-18 0.107E-25 0.590E-25 0.305E-25 0.859E-36 0.414E-35
 50  0.22387E+02  604.59 0.145E-30 0.836E+00 0.125E-16 0.450E-37 0.450E-37 0.450E-37 0.450E-37 0.247E-16 0.162E+00 0.819E-03 0.465E-03 0.944E-15 0.137E-03 0.432E-07 0.136E-12 0.254E-04 0.547E-29 0.964E-16 0.791E-22 0.354E-21 0.679E-22 0.370E-33 0.389E-32
 51  0.31623E+02  670.01 0.563E-27 0.836E+00 0.756E-15 0.450E-37 0.854E-36 0.204E-36 0.450E-37 0.407E-15 0.162E+00 0.819E-03 0.465E-03 0.329E-13 0.137E-03 0.162E-06 0.634E-11 0.254E-04 0.121E-25 0.140E-13 0.278E-18 0.803E-18 0.244E-19 0.182E-29 0.156E-28
 52  0.44668E+02  742.33 0.101E-23 0.836E+00 0.301E-13 0.450E-37 0.893E-32 0.678E-34 0.179E-36 0.495E-14 0.162E+00 0.819E-03 0.465E-03 0.777E-12 0.135E-03 0.501E-06 0.199E-09 0.254E-04 0.118E-22 0.118E-11 0.550E-15 0.438E-15 0.207E-17 0.374E-26 0.267E-25
 53  0.63096E+02  822.16 0.110E-20 0.836E+00 0.818E-12 0.450E-37 0.923E-28 0.883E-30 0.142E-33 0.455E-13 0.162E+00 0.819E-03 0.465E-03 0.128E-10 0.131E-03 0.127E-05 0.435E-08 0.254E-04 0.549E-20 0.596E-10 0.569E-12 0.245E-13 0.135E-15 0.347E-23 0.209E-22
 54  0.89125E+02  910.10 0.824E-18 0.836E+00 0.157E-10 0.450E-37 0.521E-24 0.413E-26 0.213E-29 0.321E-12 0.162E+00 0.819E-03 0.465E-03 0.150E-09 0.129E-03 0.285E-05 0.660E-07 0.254E-04 0.130E-17 0.192E-08 0.228E-09 0.860E-12 0.585E-14 0.156E-20 0.811E-20
 55  0.12589E+03 1006.71 0.129E-15 0.836E+00 0.221E-09 0.450E-37 0.500E-21 0.758E-23 0.111E-25 0.178E-11 0.162E+00 0.820E-03 0.465E-03 0.130E-08 0.123E-03 0.527E-05 0.448E-06 0.254E-04 0.165E-15 0.410E-07 0.100E-07 0.163E-10 0.139E-12 0.360E-18 0.151E-17
 56  0.17783E+03 1112.52 0.458E-14 0.836E+00 0.233E-08 0.450E-37 0.902E-19 0.598E-20 0.223E-22 0.781E-11 0.162E+00 0.820E-03 0.465E-03 0.842E-08 0.114E-03 0.790E-05 0.533E-06 0.258E-04 0.117E-13 0.561E-06 0.611E-07 0.107E-09 0.132E-11 0.448E-16 0.612E-16
 57  0.25119E+03 1227.97 0.679E-13 0.836E+00 0.190E-07 0.450E-37 0.572E-17 0.219E-17 0.187E-19 0.278E-10 0.162E+00 0.819E-03 0.465E-03 0.419E-07 0.109E-03 0.113E-04 0.528E-06 0.270E-04 0.497E-12 0.300E-05 0.132E-06 0.246E-09 0.479E-11 0.321E-14 0.671E-14
 58  0.35481E+03 1353.49 0.550E-12 0.836E+00 0.122E-06 0.450E-37 0.170E-15 0.401E-15 0.715E-17 0.810E-10 0.162E+00 0.820E-03 0.465E-03 0.164E-06 0.110E-03 0.161E-04 0.518E-06 0.273E-04 0.134E-10 0.336E-05 0.152E-06 0.283E-09 0.678E-11 0.142E-12 0.370E-12
 59  0.50119E+03 1489.54 0.341E-11 0.836E+00 0.634E-06 0.450E-37 0.338E-14 0.397E-13 0.136E-14 0.201E-09 0.162E+00 0.823E-03 0.469E-03 0.518E-06 0.116E-03 0.221E-04 0.506E-06 0.273E-04 0.241E-09 0.338E-05 0.168E-06 0.314E-09 0.898E-11 0.408E-11 0.117E-10
 60  0.70795E+03 1636.55 0.171E-10 0.836E+00 0.273E-05 0.104E-36 0.482E-13 0.223E-11 0.120E-12 0.474E-09 0.162E+00 0.853E-03 0.501E-03 0.147E-05 0.123E-03 0.281E-04 0.491E-06 0.273E-04 0.302E-08 0.343E-05 0.187E-06 0.352E-09 0.122E-10 0.799E-10 0.230E-09
 61  0.10000E+04 1795.02 0.715E-10 0.836E+00 0.994E-05 0.419E-34 0.512E-12 0.744E-10 0.531E-11 0.131E-08 0.162E+00 0.945E-03 0.637E-03 0.441E-05 0.132E-03 0.339E-04 0.478E-06 0.277E-04 0.275E-07 0.346E-05 0.203E-06 0.387E-09 0.161E-10 0.111E-08 0.343E-08
