   25.000000000000000     
  1  0.10000E-05  158.02 0.450E-37 0.836E+00 0.450E-37 0.450E-37 0.450E-37 0.450E-37 0.450E-37 0.450E-37 0.163E+00 0.439E-03 0.466E-03 0.450E-37 0.137E-03 0.118E-14 0.450E-37 0.254E-04 0.450E-37 0.450E-37 0.450E-37 0.450E-37 0.450E-37 0.450E-37 0.450E-37
  2  0.14100E-05  156.38 0.450E-37 0.836E+00 0.450E-37 0.450E-37 0.450E-37 0.450E-37 0.450E-37 0.450E-37 0.163E+00 0.207E-03 0.466E-03 0.450E-37 0.137E-03 0.301E-15 0.450E-37 0.254E-04 0.450E-37 0.450E-37 0.450E-37 0.450E-37 0.450E-37 0.450E-37 0.450E-37
  3  0.20000E-05  154.80 0.450E-37 0.837E+00 0.450E-37 0.450E-37 0.450E-37 0.450E-37 0.450E-37 0.450E-37 0.163E+00 0.975E-04 0.466E-03 0.450E-37 0.137E-03 0.765E-16 0.450E-37 0.254E-04 0.450E-37 0.450E-37 0.450E-37 0.450E-37 0.450E-37 0.450E-37 0.450E-37
  4  0.28200E-05  153.44 0.450E-37 0.837E+00 0.450E-37 0.450E-37 0.450E-37 0.450E-37 0.450E-37 0.450E-37 0.163E+00 0.486E-04 0.466E-03 0.450E-37 0.137E-03 0.214E-16 0.450E-37 0.254E-04 0.450E-37 0.450E-37 0.450E-37 0.450E-37 0.450E-37 0.450E-37 0.450E-37
  5  0.39800E-05  152.18 0.450E-37 0.837E+00 0.450E-37 0.450E-37 0.450E-37 0.450E-37 0.450E-37 0.450E-37 0.163E+00 0.246E-04 0.466E-03 0.450E-37 0.137E-03 0.614E-17 0.450E-37 0.254E-04 0.450E-37 0.450E-37 0.450E-37 0.450E-37 0.450E-37 0.450E-37 0.450E-37
  6  0.56200E-05  151.07 0.450E-37 0.837E+00 0.450E-37 0.450E-37 0.450E-37 0.450E-37 0.450E-37 0.450E-37 0.163E+00 0.130E-04 0.466E-03 0.450E-37 0.137E-03 0.187E-17 0.450E-37 0.254E-04 0.450E-37 0.450E-37 0.450E-37 0.450E-37 0.450E-37 0.450E-37 0.450E-37
  7  0.79400E-05  150.12 0.450E-37 0.837E+00 0.450E-37 0.450E-37 0.450E-37 0.450E-37 0.450E-37 0.450E-37 0.163E+00 0.709E-05 0.466E-03 0.450E-37 0.137E-03 0.612E-18 0.450E-37 0.254E-04 0.450E-37 0.450E-37 0.450E-37 0.450E-37 0.450E-37 0.450E-37 0.450E-37
  8  0.11220E-04  149.08 0.450E-37 0.837E+00 0.450E-37 0.450E-37 0.450E-37 0.450E-37 0.450E-37 0.450E-37 0.163E+00 0.376E-05 0.466E-03 0.450E-37 0.137E-03 0.190E-18 0.450E-37 0.250E-04 0.450E-37 0.450E-37 0.450E-37 0.450E-37 0.450E-37 0.450E-37 0.450E-37
  9  0.15850E-04  147.81 0.450E-37 0.837E+00 0.450E-37 0.450E-37 0.450E-37 0.450E-37 0.450E-37 0.450E-37 0.163E+00 0.187E-05 0.466E-03 0.450E-37 0.137E-03 0.528E-19 0.450E-37 0.228E-04 0.450E-37 0.450E-37 0.450E-37 0.450E-37 0.450E-37 0.450E-37 0.450E-37
 10  0.22390E-04  146.42 0.450E-37 0.837E+00 0.450E-37 0.450E-37 0.450E-37 0.450E-37 0.450E-37 0.450E-37 0.163E+00 0.889E-06 0.466E-03 0.450E-37 0.137E-03 0.137E-19 0.450E-37 0.189E-04 0.450E-37 0.450E-37 0.450E-37 0.450E-37 0.450E-37 0.450E-37 0.450E-37
 11  0.31620E-04  144.58 0.450E-37 0.837E+00 0.450E-37 0.450E-37 0.450E-37 0.450E-37 0.450E-37 0.450E-37 0.163E+00 0.368E-06 0.466E-03 0.450E-37 0.137E-03 0.282E-20 0.450E-37 0.134E-04 0.450E-37 0.450E-37 0.450E-37 0.450E-37 0.450E-37 0.450E-37 0.450E-37
 12  0.44670E-04  141.93 0.450E-37 0.837E+00 0.450E-37 0.450E-37 0.450E-37 0.450E-37 0.450E-37 0.450E-37 0.163E+00 0.117E-06 0.466E-03 0.450E-37 0.137E-03 0.377E-21 0.450E-37 0.734E-05 0.450E-37 0.450E-37 0.450E-37 0.450E-37 0.450E-37 0.450E-37 0.450E-37
 13  0.63100E-04  139.10 0.450E-37 0.837E+00 0.450E-37 0.450E-37 0.450E-37 0.450E-37 0.450E-37 0.450E-37 0.163E+00 0.343E-07 0.466E-03 0.450E-37 0.137E-03 0.438E-22 0.450E-37 0.293E-05 0.450E-37 0.450E-37 0.450E-37 0.450E-37 0.450E-37 0.450E-37 0.450E-37
 14  0.89120E-04  136.07 0.450E-37 0.837E+00 0.450E-37 0.450E-37 0.450E-37 0.450E-37 0.450E-37 0.450E-37 0.163E+00 0.904E-08 0.466E-03 0.450E-37 0.137E-03 0.428E-23 0.450E-37 0.852E-06 0.450E-37 0.450E-37 0.450E-37 0.450E-37 0.450E-37 0.450E-37 0.450E-37
 15  0.12589E-03  132.32 0.450E-37 0.837E+00 0.450E-37 0.450E-37 0.450E-37 0.450E-37 0.450E-37 0.450E-37 0.163E+00 0.177E-08 0.466E-03 0.450E-37 0.137E-03 0.258E-24 0.450E-37 0.190E-06 0.450E-37 0.450E-37 0.450E-37 0.450E-37 0.450E-37 0.450E-37 0.450E-37
 16  0.17783E-03  127.27 0.450E-37 0.837E+00 0.450E-37 0.450E-37 0.450E-37 0.450E-37 0.450E-37 0.450E-37 0.163E+00 0.196E-09 0.466E-03 0.450E-37 0.137E-03 0.611E-26 0.450E-37 0.254E-07 0.450E-37 0.450E-37 0.450E-37 0.450E-37 0.450E-37 0.450E-37 0.450E-37
 17  0.25119E-03  123.12 0.450E-37 0.837E+00 0.450E-37 0.450E-37 0.450E-37 0.450E-37 0.450E-37 0.450E-37 0.163E+00 0.271E-10 0.466E-03 0.450E-37 0.137E-03 0.210E-27 0.450E-37 0.413E-08 0.450E-37 0.450E-37 0.450E-37 0.450E-37 0.450E-37 0.450E-37 0.450E-37
 18  0.35481E-03  121.50 0.450E-37 0.837E+00 0.450E-37 0.450E-37 0.450E-37 0.450E-37 0.450E-37 0.450E-37 0.163E+00 0.985E-11 0.466E-03 0.450E-37 0.137E-03 0.351E-28 0.450E-37 0.161E-08 0.450E-37 0.450E-37 0.450E-37 0.450E-37 0.450E-37 0.450E-37 0.450E-37
 19  0.50119E-03  121.29 0.450E-37 0.837E+00 0.450E-37 0.450E-37 0.450E-37 0.450E-37 0.450E-37 0.450E-37 0.163E+00 0.638E-11 0.466E-03 0.450E-37 0.137E-03 0.152E-28 0.450E-37 0.105E-08 0.450E-37 0.450E-37 0.450E-37 0.450E-37 0.450E-37 0.450E-37 0.450E-37
 20  0.70795E-03  121.23 0.450E-37 0.837E+00 0.450E-37 0.450E-37 0.450E-37 0.450E-37 0.450E-37 0.450E-37 0.163E+00 0.441E-11 0.466E-03 0.450E-37 0.137E-03 0.733E-29 0.450E-37 0.727E-09 0.450E-37 0.450E-37 0.450E-37 0.450E-37 0.450E-37 0.450E-37 0.450E-37
 21  0.10000E-02  121.07 0.450E-37 0.837E+00 0.450E-37 0.450E-37 0.450E-37 0.450E-37 0.450E-37 0.450E-37 0.163E+00 0.292E-11 0.466E-03 0.450E-37 0.137E-03 0.328E-29 0.450E-37 0.484E-09 0.450E-37 0.450E-37 0.450E-37 0.450E-37 0.450E-37 0.450E-37 0.450E-37
 22  0.14125E-02  119.83 0.450E-37 0.837E+00 0.450E-37 0.450E-37 0.450E-37 0.450E-37 0.450E-37 0.450E-37 0.163E+00 0.122E-11 0.466E-03 0.450E-37 0.133E-03 0.615E-30 0.450E-37 0.213E-09 0.450E-37 0.450E-37 0.450E-37 0.450E-37 0.450E-37 0.450E-37 0.450E-37
 23  0.19953E-02  117.47 0.450E-37 0.837E+00 0.450E-37 0.450E-37 0.450E-37 0.450E-37 0.450E-37 0.450E-37 0.163E+00 0.306E-12 0.466E-03 0.450E-37 0.807E-04 0.111E-31 0.450E-37 0.594E-10 0.450E-37 0.450E-37 0.450E-37 0.450E-37 0.450E-37 0.450E-37 0.450E-37
 24  0.28184E-02  116.89 0.450E-37 0.837E+00 0.450E-37 0.450E-37 0.450E-37 0.450E-37 0.450E-37 0.450E-37 0.163E+00 0.167E-12 0.466E-03 0.450E-37 0.644E-04 0.232E-32 0.450E-37 0.333E-10 0.450E-37 0.450E-37 0.450E-37 0.450E-37 0.450E-37 0.450E-37 0.450E-37
 25  0.39811E-02  118.96 0.450E-37 0.837E+00 0.450E-37 0.450E-37 0.450E-37 0.450E-37 0.450E-37 0.450E-37 0.163E+00 0.296E-12 0.466E-03 0.450E-37 0.823E-04 0.773E-32 0.450E-37 0.539E-10 0.450E-37 0.450E-37 0.450E-37 0.450E-37 0.450E-37 0.450E-37 0.450E-37
 26  0.56234E-02  120.84 0.451E-37 0.837E+00 0.451E-37 0.451E-37 0.451E-37 0.451E-37 0.451E-37 0.451E-37 0.163E+00 0.471E-12 0.466E-03 0.451E-37 0.821E-04 0.698E-32 0.451E-37 0.789E-10 0.451E-37 0.451E-37 0.451E-37 0.451E-37 0.451E-37 0.451E-37 0.451E-37
 27  0.79433E-02  122.21 0.451E-37 0.837E+00 0.451E-37 0.451E-37 0.451E-37 0.451E-37 0.451E-37 0.451E-37 0.163E+00 0.592E-12 0.466E-03 0.451E-37 0.703E-04 0.415E-32 0.451E-37 0.936E-10 0.451E-37 0.451E-37 0.451E-37 0.451E-37 0.451E-37 0.451E-37 0.451E-37
 28  0.11220E-01  123.47 0.451E-37 0.837E+00 0.451E-37 0.451E-37 0.451E-37 0.451E-37 0.451E-37 0.451E-37 0.163E+00 0.699E-12 0.466E-03 0.451E-37 0.642E-04 0.381E-32 0.451E-37 0.105E-09 0.451E-37 0.451E-37 0.451E-37 0.451E-37 0.451E-37 0.451E-37 0.451E-37
 29  0.15849E-01  124.63 0.451E-37 0.837E+00 0.451E-37 0.451E-37 0.451E-37 0.451E-37 0.451E-37 0.451E-37 0.163E+00 0.789E-12 0.466E-03 0.451E-37 0.618E-04 0.555E-32 0.451E-37 0.113E-09 0.451E-37 0.451E-37 0.451E-37 0.451E-37 0.451E-37 0.451E-37 0.451E-37
 30  0.22387E-01  125.81 0.451E-37 0.837E+00 0.451E-37 0.451E-37 0.451E-37 0.451E-37 0.451E-37 0.451E-37 0.163E+00 0.888E-12 0.466E-03 0.451E-37 0.645E-04 0.942E-32 0.451E-37 0.121E-09 0.451E-37 0.451E-37 0.451E-37 0.451E-37 0.451E-37 0.451E-37 0.451E-37
 31  0.31623E-01  127.43 0.451E-37 0.837E+00 0.451E-37 0.451E-37 0.451E-37 0.451E-37 0.451E-37 0.451E-37 0.163E+00 0.117E-11 0.466E-03 0.451E-37 0.772E-04 0.293E-31 0.451E-37 0.151E-09 0.451E-37 0.451E-37 0.451E-37 0.451E-37 0.451E-37 0.451E-37 0.451E-37
 32  0.44668E-01  129.37 0.451E-37 0.837E+00 0.451E-37 0.451E-37 0.451E-37 0.451E-37 0.451E-37 0.451E-37 0.163E+00 0.172E-11 0.466E-03 0.451E-37 0.854E-04 0.529E-31 0.451E-37 0.205E-09 0.451E-37 0.451E-37 0.451E-37 0.451E-37 0.451E-37 0.451E-37 0.451E-37
 33  0.63096E-01  132.02 0.451E-37 0.837E+00 0.451E-37 0.451E-37 0.451E-37 0.451E-37 0.451E-37 0.451E-37 0.163E+00 0.318E-11 0.466E-03 0.451E-37 0.828E-04 0.903E-31 0.451E-37 0.344E-09 0.451E-37 0.451E-37 0.451E-37 0.451E-37 0.451E-37 0.451E-37 0.451E-37
 34  0.89125E-01  134.60 0.451E-37 0.837E+00 0.451E-37 0.451E-37 0.451E-37 0.451E-37 0.451E-37 0.451E-37 0.163E+00 0.550E-11 0.466E-03 0.451E-37 0.840E-04 0.211E-30 0.451E-37 0.545E-09 0.451E-37 0.451E-37 0.451E-37 0.451E-37 0.451E-37 0.451E-37 0.451E-37
 35  0.12589E+00  137.35 0.451E-37 0.837E+00 0.451E-37 0.451E-37 0.451E-37 0.451E-37 0.451E-37 0.451E-37 0.163E+00 0.976E-11 0.466E-03 0.451E-37 0.978E-04 0.831E-30 0.451E-37 0.881E-09 0.451E-37 0.451E-37 0.451E-37 0.451E-37 0.451E-37 0.451E-37 0.451E-37
 36  0.17783E+00  142.69 0.450E-37 0.837E+00 0.450E-37 0.450E-37 0.450E-37 0.450E-37 0.450E-37 0.450E-37 0.163E+00 0.372E-10 0.466E-03 0.450E-37 0.131E-03 0.147E-28 0.450E-37 0.284E-08 0.450E-37 0.450E-37 0.450E-37 0.450E-37 0.450E-37 0.450E-37 0.450E-37
 37  0.25119E+00  150.76 0.450E-37 0.837E+00 0.450E-37 0.450E-37 0.450E-37 0.450E-37 0.450E-37 0.450E-37 0.163E+00 0.267E-09 0.466E-03 0.450E-37 0.137E-03 0.816E-27 0.450E-37 0.161E-07 0.450E-37 0.450E-37 0.450E-37 0.450E-37 0.450E-37 0.450E-37 0.450E-37
 38  0.35481E+00  162.07 0.450E-37 0.837E+00 0.450E-37 0.450E-37 0.450E-37 0.450E-37 0.450E-37 0.450E-37 0.163E+00 0.329E-08 0.466E-03 0.450E-37 0.137E-03 0.481E-25 0.450E-37 0.149E-06 0.450E-37 0.450E-37 0.450E-37 0.450E-37 0.450E-37 0.450E-37 0.450E-37
 39  0.50119E+00  180.47 0.450E-37 0.837E+00 0.450E-37 0.450E-37 0.450E-37 0.450E-37 0.450E-37 0.450E-37 0.163E+00 0.113E-06 0.466E-03 0.450E-37 0.137E-03 0.164E-22 0.450E-37 0.346E-05 0.450E-37 0.450E-37 0.450E-37 0.450E-37 0.450E-37 0.450E-37 0.450E-37
 40  0.70795E+00  201.53 0.450E-37 0.837E+00 0.450E-37 0.450E-37 0.450E-37 0.450E-37 0.450E-37 0.450E-37 0.163E+00 0.286E-05 0.466E-03 0.450E-37 0.137E-03 0.354E-20 0.450E-37 0.254E-04 0.450E-37 0.450E-37 0.450E-37 0.450E-37 0.450E-37 0.450E-37 0.450E-37
 41  0.10000E+01  224.70 0.450E-37 0.837E+00 0.450E-37 0.450E-37 0.450E-37 0.450E-37 0.450E-37 0.450E-37 0.163E+00 0.476E-04 0.466E-03 0.450E-37 0.137E-03 0.400E-18 0.450E-37 0.254E-04 0.450E-37 0.450E-37 0.450E-37 0.450E-37 0.450E-37 0.450E-37 0.450E-37
 42  0.14125E+01  250.13 0.450E-37 0.836E+00 0.450E-37 0.450E-37 0.450E-37 0.450E-37 0.450E-37 0.675E-35 0.163E+00 0.546E-03 0.466E-03 0.461E-37 0.137E-03 0.256E-16 0.483E-37 0.254E-04 0.450E-37 0.450E-37 0.450E-37 0.450E-37 0.450E-37 0.450E-37 0.450E-37
 43  0.19953E+01  278.08 0.450E-37 0.836E+00 0.450E-37 0.450E-37 0.450E-37 0.450E-37 0.450E-37 0.226E-31 0.162E+00 0.819E-03 0.465E-03 0.667E-34 0.137E-03 0.101E-14 0.529E-33 0.254E-04 0.450E-37 0.450E-37 0.450E-37 0.450E-37 0.450E-37 0.450E-37 0.450E-37
 44  0.28184E+01  308.83 0.450E-37 0.836E+00 0.279E-34 0.450E-37 0.450E-37 0.450E-37 0.450E-37 0.140E-28 0.162E+00 0.819E-03 0.465E-03 0.242E-30 0.137E-03 0.262E-13 0.401E-29 0.254E-04 0.450E-37 0.450E-37 0.450E-37 0.450E-37 0.450E-37 0.450E-37 0.450E-37
 45  0.39811E+01  342.73 0.450E-37 0.836E+00 0.105E-30 0.450E-37 0.450E-37 0.450E-37 0.450E-37 0.412E-26 0.162E+00 0.819E-03 0.465E-03 0.345E-27 0.137E-03 0.473E-12 0.962E-26 0.254E-04 0.450E-37 0.450E-37 0.450E-37 0.450E-37 0.450E-37 0.450E-37 0.450E-37
 46  0.56234E+01  380.16 0.450E-37 0.836E+00 0.167E-27 0.450E-37 0.450E-37 0.450E-37 0.450E-37 0.621E-24 0.162E+00 0.819E-03 0.465E-03 0.215E-24 0.137E-03 0.623E-11 0.101E-22 0.254E-04 0.450E-37 0.575E-35 0.450E-37 0.450E-37 0.450E-37 0.450E-37 0.450E-37
 47  0.79433E+01  421.55 0.450E-37 0.836E+00 0.125E-24 0.450E-37 0.450E-37 0.450E-37 0.450E-37 0.552E-22 0.162E+00 0.819E-03 0.465E-03 0.682E-22 0.137E-03 0.619E-10 0.521E-20 0.254E-04 0.450E-37 0.115E-25 0.602E-37 0.425E-36 0.209E-36 0.450E-37 0.450E-37
 48  0.10000E+02  451.57 0.450E-37 0.836E+00 0.706E-23 0.450E-37 0.450E-37 0.450E-37 0.450E-37 0.901E-21 0.162E+00 0.819E-03 0.465E-03 0.239E-20 0.137E-03 0.248E-09 0.233E-18 0.254E-04 0.450E-37 0.178E-23 0.555E-34 0.471E-33 0.217E-33 0.450E-37 0.450E-37
 49  0.15849E+02  518.11 0.848E-36 0.836E+00 0.101E-19 0.450E-37 0.450E-37 0.450E-37 0.450E-37 0.138E-18 0.162E+00 0.819E-03 0.465E-03 0.143E-17 0.137E-03 0.296E-08 0.213E-15 0.254E-04 0.808E-35 0.145E-19 0.699E-28 0.429E-27 0.216E-27 0.155E-36 0.299E-36
 50  0.22387E+02  574.29 0.139E-32 0.836E+00 0.124E-17 0.450E-37 0.450E-37 0.450E-37 0.450E-37 0.377E-17 0.162E+00 0.819E-03 0.465E-03 0.959E-16 0.137E-03 0.147E-07 0.195E-13 0.254E-04 0.706E-31 0.540E-17 0.749E-24 0.370E-23 0.197E-23 0.368E-35 0.422E-34
 51  0.31623E+02  636.48 0.785E-29 0.836E+00 0.942E-16 0.450E-37 0.450E-37 0.450E-37 0.450E-37 0.737E-16 0.162E+00 0.819E-03 0.465E-03 0.415E-14 0.137E-03 0.607E-07 0.112E-11 0.254E-04 0.241E-27 0.105E-14 0.371E-20 0.151E-19 0.143E-20 0.268E-31 0.254E-30
 52  0.44668E+02  705.28 0.207E-25 0.836E+00 0.460E-14 0.450E-37 0.802E-34 0.184E-35 0.450E-37 0.104E-14 0.162E+00 0.819E-03 0.465E-03 0.119E-12 0.136E-03 0.207E-06 0.424E-10 0.254E-04 0.350E-24 0.115E-12 0.990E-17 0.213E-16 0.203E-18 0.842E-28 0.657E-27
 53  0.63096E+02  781.30 0.255E-22 0.836E+00 0.151E-12 0.450E-37 0.780E-30 0.748E-32 0.245E-35 0.110E-13 0.162E+00 0.819E-03 0.465E-03 0.233E-11 0.135E-03 0.589E-06 0.111E-08 0.254E-04 0.235E-21 0.749E-11 0.141E-13 0.292E-14 0.150E-16 0.115E-24 0.754E-24
 54  0.89125E+02  865.13 0.267E-19 0.836E+00 0.344E-11 0.450E-37 0.687E-26 0.576E-28 0.169E-31 0.887E-13 0.162E+00 0.819E-03 0.465E-03 0.324E-10 0.132E-03 0.142E-05 0.203E-07 0.254E-04 0.772E-19 0.301E-09 0.101E-10 0.132E-12 0.810E-15 0.737E-22 0.412E-21
 55  0.12589E+03  957.33 0.866E-17 0.836E+00 0.563E-10 0.450E-37 0.151E-22 0.167E-24 0.147E-27 0.553E-12 0.162E+00 0.819E-03 0.465E-03 0.326E-09 0.128E-03 0.290E-05 0.208E-06 0.254E-04 0.133E-16 0.784E-08 0.127E-08 0.343E-11 0.260E-13 0.235E-19 0.115E-18
 56  0.17783E+03 1058.47 0.688E-15 0.836E+00 0.683E-09 0.450E-37 0.669E-20 0.198E-21 0.470E-24 0.272E-11 0.162E+00 0.820E-03 0.465E-03 0.243E-08 0.121E-03 0.485E-05 0.509E-06 0.256E-04 0.125E-14 0.137E-06 0.234E-07 0.395E-10 0.400E-12 0.396E-17 0.842E-17
 57  0.25119E+03 1169.02 0.166E-13 0.836E+00 0.630E-08 0.450E-37 0.751E-18 0.105E-18 0.601E-21 0.107E-10 0.162E+00 0.820E-03 0.465E-03 0.137E-07 0.117E-03 0.750E-05 0.531E-06 0.265E-04 0.683E-13 0.149E-05 0.929E-07 0.169E-09 0.268E-11 0.371E-15 0.642E-15
 58  0.35481E+03 1289.43 0.180E-12 0.836E+00 0.454E-07 0.450E-37 0.322E-16 0.271E-16 0.337E-18 0.344E-10 0.162E+00 0.820E-03 0.465E-03 0.603E-07 0.120E-03 0.116E-04 0.525E-06 0.272E-04 0.229E-11 0.328E-05 0.141E-06 0.264E-09 0.571E-11 0.207E-13 0.496E-13
 59  0.50119E+03 1420.17 0.127E-11 0.836E+00 0.262E-06 0.450E-37 0.778E-15 0.361E-14 0.901E-16 0.922E-10 0.162E+00 0.821E-03 0.467E-03 0.212E-06 0.127E-03 0.171E-04 0.516E-06 0.273E-04 0.500E-10 0.336E-05 0.158E-06 0.294E-09 0.764E-11 0.733E-12 0.204E-11
 60  0.70795E+03 1561.66 0.707E-11 0.836E+00 0.123E-05 0.450E-37 0.131E-13 0.267E-12 0.118E-13 0.222E-09 0.162E+00 0.837E-03 0.483E-03 0.629E-06 0.136E-03 0.233E-04 0.505E-06 0.273E-04 0.749E-09 0.339E-05 0.175E-06 0.329E-09 0.102E-10 0.173E-10 0.501E-10
 61  0.10000E+04 1714.35 0.325E-10 0.836E+00 0.488E-05 0.643E-36 0.161E-12 0.114E-10 0.712E-12 0.577E-09 0.162E+00 0.904E-03 0.565E-03 0.185E-05 0.147E-03 0.296E-04 0.496E-06 0.274E-04 0.798E-08 0.344E-05 0.194E-06 0.368E-09 0.139E-10 0.284E-09 0.823E-09
