   25.000000000000000     
  1  0.10000E-05  250.47 0.450E-37 0.836E+00 0.450E-37 0.450E-37 0.450E-37 0.450E-37 0.450E-37 0.336E-22 0.162E+00 0.819E-03 0.465E-03 0.141E-25 0.898E-04 0.232E-04 0.450E-37 0.254E-04 0.450E-37 0.450E-37 0.450E-37 0.450E-37 0.450E-37 0.450E-37 0.450E-37
  2  0.14100E-05  249.51 0.450E-37 0.836E+00 0.450E-37 0.450E-37 0.450E-37 0.450E-37 0.450E-37 0.125E-22 0.162E+00 0.819E-03 0.465E-03 0.483E-26 0.103E-03 0.130E-04 0.450E-37 0.254E-04 0.450E-37 0.450E-37 0.450E-37 0.450E-37 0.450E-37 0.450E-37 0.450E-37
  3  0.20000E-05  248.22 0.450E-37 0.836E+00 0.450E-37 0.450E-37 0.450E-37 0.450E-37 0.450E-37 0.409E-23 0.162E+00 0.819E-03 0.465E-03 0.143E-26 0.116E-03 0.655E-05 0.450E-37 0.254E-04 0.450E-37 0.450E-37 0.450E-37 0.450E-37 0.450E-37 0.450E-37 0.450E-37
  4  0.28200E-05  247.01 0.450E-37 0.836E+00 0.450E-37 0.450E-37 0.450E-37 0.450E-37 0.450E-37 0.139E-23 0.162E+00 0.819E-03 0.465E-03 0.442E-27 0.128E-03 0.324E-05 0.450E-37 0.254E-04 0.450E-37 0.450E-37 0.450E-37 0.450E-37 0.450E-37 0.450E-37 0.450E-37
  5  0.39800E-05  246.07 0.450E-37 0.836E+00 0.450E-37 0.450E-37 0.450E-37 0.450E-37 0.450E-37 0.513E-24 0.162E+00 0.819E-03 0.465E-03 0.151E-27 0.132E-03 0.146E-05 0.450E-37 0.254E-04 0.450E-37 0.450E-37 0.450E-37 0.450E-37 0.450E-37 0.450E-37 0.450E-37
  6  0.56200E-05  245.41 0.450E-37 0.836E+00 0.450E-37 0.450E-37 0.450E-37 0.450E-37 0.450E-37 0.207E-24 0.162E+00 0.819E-03 0.465E-03 0.577E-28 0.134E-03 0.672E-06 0.450E-37 0.254E-04 0.450E-37 0.450E-37 0.450E-37 0.450E-37 0.450E-37 0.450E-37 0.450E-37
  7  0.79400E-05  245.13 0.450E-37 0.836E+00 0.450E-37 0.450E-37 0.450E-37 0.450E-37 0.450E-37 0.945E-25 0.162E+00 0.819E-03 0.465E-03 0.257E-28 0.136E-03 0.328E-06 0.450E-37 0.254E-04 0.450E-37 0.450E-37 0.450E-37 0.450E-37 0.450E-37 0.450E-37 0.450E-37
  8  0.11220E-04  245.34 0.450E-37 0.836E+00 0.450E-37 0.450E-37 0.450E-37 0.450E-37 0.450E-37 0.508E-25 0.162E+00 0.819E-03 0.465E-03 0.141E-28 0.137E-03 0.174E-06 0.450E-37 0.254E-04 0.450E-37 0.450E-37 0.450E-37 0.450E-37 0.450E-37 0.450E-37 0.450E-37
  9  0.15850E-04  246.09 0.450E-37 0.836E+00 0.450E-37 0.450E-37 0.450E-37 0.450E-37 0.450E-37 0.325E-25 0.162E+00 0.819E-03 0.465E-03 0.959E-29 0.137E-03 0.995E-07 0.450E-37 0.254E-04 0.450E-37 0.450E-37 0.450E-37 0.450E-37 0.450E-37 0.450E-37 0.450E-37
 10  0.22390E-04  247.29 0.450E-37 0.836E+00 0.450E-37 0.450E-37 0.450E-37 0.450E-37 0.450E-37 0.242E-25 0.162E+00 0.819E-03 0.465E-03 0.786E-29 0.137E-03 0.619E-07 0.450E-37 0.254E-04 0.450E-37 0.450E-37 0.450E-37 0.450E-37 0.450E-37 0.450E-37 0.450E-37
 11  0.31620E-04  248.76 0.450E-37 0.836E+00 0.450E-37 0.450E-37 0.450E-37 0.450E-37 0.450E-37 0.195E-25 0.162E+00 0.819E-03 0.465E-03 0.712E-29 0.137E-03 0.402E-07 0.450E-37 0.254E-04 0.450E-37 0.450E-37 0.450E-37 0.450E-37 0.450E-37 0.450E-37 0.450E-37
 12  0.44670E-04  250.21 0.450E-37 0.836E+00 0.450E-37 0.450E-37 0.450E-37 0.450E-37 0.450E-37 0.155E-25 0.162E+00 0.819E-03 0.465E-03 0.637E-29 0.137E-03 0.259E-07 0.450E-37 0.254E-04 0.450E-37 0.450E-37 0.450E-37 0.450E-37 0.450E-37 0.450E-37 0.450E-37
 13  0.63100E-04  251.37 0.450E-37 0.836E+00 0.450E-37 0.450E-37 0.450E-37 0.450E-37 0.450E-37 0.112E-25 0.162E+00 0.819E-03 0.465E-03 0.504E-29 0.137E-03 0.158E-07 0.450E-37 0.254E-04 0.450E-37 0.450E-37 0.450E-37 0.450E-37 0.450E-37 0.450E-37 0.450E-37
 14  0.89120E-04  252.01 0.450E-37 0.836E+00 0.450E-37 0.450E-37 0.450E-37 0.450E-37 0.450E-37 0.688E-26 0.162E+00 0.819E-03 0.465E-03 0.325E-29 0.137E-03 0.886E-08 0.450E-37 0.254E-04 0.450E-37 0.450E-37 0.450E-37 0.450E-37 0.450E-37 0.450E-37 0.450E-37
 15  0.12589E-03  251.87 0.450E-37 0.836E+00 0.450E-37 0.450E-37 0.450E-37 0.450E-37 0.450E-37 0.330E-26 0.162E+00 0.819E-03 0.465E-03 0.154E-29 0.137E-03 0.434E-08 0.450E-37 0.254E-04 0.450E-37 0.450E-37 0.450E-37 0.450E-37 0.450E-37 0.450E-37 0.450E-37
 16  0.17783E-03  250.91 0.450E-37 0.836E+00 0.450E-37 0.450E-37 0.450E-37 0.450E-37 0.450E-37 0.122E-26 0.162E+00 0.819E-03 0.465E-03 0.530E-30 0.137E-03 0.185E-08 0.450E-37 0.254E-04 0.450E-37 0.450E-37 0.450E-37 0.450E-37 0.450E-37 0.450E-37 0.450E-37
 17  0.25119E-03  249.36 0.450E-37 0.836E+00 0.450E-37 0.450E-37 0.450E-37 0.450E-37 0.450E-37 0.375E-27 0.162E+00 0.819E-03 0.465E-03 0.144E-30 0.137E-03 0.708E-09 0.450E-37 0.254E-04 0.450E-37 0.450E-37 0.450E-37 0.450E-37 0.450E-37 0.450E-37 0.450E-37
 18  0.35481E-03  247.19 0.450E-37 0.836E+00 0.450E-37 0.450E-37 0.450E-37 0.450E-37 0.450E-37 0.932E-28 0.162E+00 0.819E-03 0.465E-03 0.300E-31 0.137E-03 0.243E-09 0.450E-37 0.254E-04 0.450E-37 0.450E-37 0.450E-37 0.450E-37 0.450E-37 0.450E-37 0.450E-37
 19  0.50119E-03  244.39 0.450E-37 0.836E+00 0.450E-37 0.450E-37 0.450E-37 0.450E-37 0.450E-37 0.186E-28 0.162E+00 0.819E-03 0.465E-03 0.477E-32 0.137E-03 0.740E-10 0.450E-37 0.254E-04 0.450E-37 0.450E-37 0.450E-37 0.450E-37 0.450E-37 0.450E-37 0.450E-37
 20  0.70795E-03  241.08 0.450E-37 0.836E+00 0.450E-37 0.450E-37 0.450E-37 0.450E-37 0.450E-37 0.305E-29 0.162E+00 0.819E-03 0.465E-03 0.592E-33 0.137E-03 0.203E-10 0.450E-37 0.254E-04 0.450E-37 0.450E-37 0.450E-37 0.450E-37 0.450E-37 0.450E-37 0.450E-37
 21  0.10000E-02  237.35 0.450E-37 0.836E+00 0.450E-37 0.450E-37 0.450E-37 0.450E-37 0.450E-37 0.417E-30 0.162E+00 0.819E-03 0.465E-03 0.587E-34 0.137E-03 0.504E-11 0.450E-37 0.254E-04 0.450E-37 0.450E-37 0.450E-37 0.450E-37 0.450E-37 0.450E-37 0.450E-37
 22  0.14125E-02  233.41 0.450E-37 0.836E+00 0.450E-37 0.450E-37 0.450E-37 0.450E-37 0.450E-37 0.507E-31 0.162E+00 0.819E-03 0.465E-03 0.503E-35 0.137E-03 0.118E-11 0.450E-37 0.254E-04 0.450E-37 0.450E-37 0.450E-37 0.450E-37 0.450E-37 0.450E-37 0.450E-37
 23  0.19953E-02  229.89 0.450E-37 0.836E+00 0.450E-37 0.450E-37 0.450E-37 0.450E-37 0.450E-37 0.690E-32 0.162E+00 0.819E-03 0.465E-03 0.508E-36 0.137E-03 0.293E-12 0.450E-37 0.254E-04 0.450E-37 0.450E-37 0.450E-37 0.450E-37 0.450E-37 0.450E-37 0.450E-37
 24  0.28184E-02  227.55 0.450E-37 0.836E+00 0.450E-37 0.450E-37 0.450E-37 0.450E-37 0.450E-37 0.142E-32 0.162E+00 0.819E-03 0.465E-03 0.172E-36 0.137E-03 0.911E-13 0.450E-37 0.254E-04 0.450E-37 0.450E-37 0.450E-37 0.450E-37 0.450E-37 0.450E-37 0.450E-37
 25  0.39811E-02  226.81 0.450E-37 0.836E+00 0.450E-37 0.450E-37 0.450E-37 0.450E-37 0.450E-37 0.534E-33 0.162E+00 0.819E-03 0.465E-03 0.107E-36 0.137E-03 0.392E-13 0.450E-37 0.254E-04 0.450E-37 0.450E-37 0.450E-37 0.450E-37 0.450E-37 0.450E-37 0.450E-37
 26  0.56234E-02  227.19 0.450E-37 0.836E+00 0.450E-37 0.450E-37 0.450E-37 0.450E-37 0.450E-37 0.311E-33 0.162E+00 0.819E-03 0.465E-03 0.795E-37 0.137E-03 0.213E-13 0.450E-37 0.254E-04 0.450E-37 0.450E-37 0.450E-37 0.450E-37 0.450E-37 0.450E-37 0.450E-37
 27  0.79433E-02  228.12 0.450E-37 0.836E+00 0.450E-37 0.450E-37 0.450E-37 0.450E-37 0.450E-37 0.222E-33 0.162E+00 0.819E-03 0.465E-03 0.581E-37 0.137E-03 0.129E-13 0.450E-37 0.254E-04 0.450E-37 0.450E-37 0.450E-37 0.450E-37 0.450E-37 0.450E-37 0.450E-37
 28  0.11220E-01  229.96 0.450E-37 0.836E+00 0.450E-37 0.450E-37 0.450E-37 0.450E-37 0.450E-37 0.224E-33 0.162E+00 0.819E-03 0.465E-03 0.450E-37 0.137E-03 0.941E-14 0.450E-37 0.254E-04 0.450E-37 0.450E-37 0.450E-37 0.450E-37 0.450E-37 0.450E-37 0.450E-37
 29  0.15849E-01  233.08 0.450E-37 0.836E+00 0.450E-37 0.450E-37 0.450E-37 0.450E-37 0.450E-37 0.357E-33 0.162E+00 0.819E-03 0.465E-03 0.109E-36 0.137E-03 0.879E-14 0.450E-37 0.254E-04 0.450E-37 0.450E-37 0.450E-37 0.450E-37 0.450E-37 0.450E-37 0.450E-37
 30  0.22387E-01  237.31 0.450E-37 0.836E+00 0.450E-37 0.450E-37 0.450E-37 0.450E-37 0.450E-37 0.820E-33 0.162E+00 0.819E-03 0.465E-03 0.215E-36 0.137E-03 0.999E-14 0.450E-37 0.254E-04 0.450E-37 0.450E-37 0.450E-37 0.450E-37 0.450E-37 0.450E-37 0.450E-37
 31  0.31623E-01  242.34 0.450E-37 0.836E+00 0.450E-37 0.450E-37 0.450E-37 0.450E-37 0.450E-37 0.235E-32 0.162E+00 0.819E-03 0.465E-03 0.522E-36 0.137E-03 0.128E-13 0.450E-37 0.254E-04 0.450E-37 0.450E-37 0.450E-37 0.450E-37 0.450E-37 0.450E-37 0.450E-37
 32  0.44668E-01  248.08 0.450E-37 0.836E+00 0.450E-37 0.450E-37 0.450E-37 0.450E-37 0.450E-37 0.785E-32 0.162E+00 0.819E-03 0.465E-03 0.287E-35 0.137E-03 0.179E-13 0.450E-37 0.254E-04 0.450E-37 0.450E-37 0.450E-37 0.450E-37 0.450E-37 0.450E-37 0.450E-37
 33  0.63096E-01  254.86 0.450E-37 0.836E+00 0.450E-37 0.450E-37 0.450E-37 0.450E-37 0.450E-37 0.332E-31 0.162E+00 0.819E-03 0.465E-03 0.195E-34 0.137E-03 0.286E-13 0.685E-37 0.254E-04 0.450E-37 0.450E-37 0.450E-37 0.450E-37 0.450E-37 0.450E-37 0.450E-37
 34  0.89125E-01  263.19 0.450E-37 0.836E+00 0.450E-37 0.450E-37 0.450E-37 0.450E-37 0.450E-37 0.197E-30 0.162E+00 0.819E-03 0.465E-03 0.214E-33 0.137E-03 0.551E-13 0.412E-36 0.254E-04 0.450E-37 0.450E-37 0.450E-37 0.450E-37 0.450E-37 0.450E-37 0.450E-37
 35  0.12589E+00  274.32 0.450E-37 0.836E+00 0.450E-37 0.450E-37 0.450E-37 0.450E-37 0.450E-37 0.213E-29 0.162E+00 0.819E-03 0.465E-03 0.493E-32 0.137E-03 0.148E-12 0.207E-34 0.254E-04 0.450E-37 0.450E-37 0.450E-37 0.450E-37 0.450E-37 0.450E-37 0.450E-37
 36  0.17783E+00  289.88 0.450E-37 0.836E+00 0.435E-36 0.450E-37 0.450E-37 0.450E-37 0.450E-37 0.523E-28 0.162E+00 0.819E-03 0.465E-03 0.318E-30 0.137E-03 0.633E-12 0.275E-32 0.254E-04 0.450E-37 0.450E-37 0.450E-37 0.450E-37 0.450E-37 0.450E-37 0.450E-37
 37  0.25119E+00  312.44 0.450E-37 0.836E+00 0.249E-33 0.450E-37 0.450E-37 0.450E-37 0.450E-37 0.371E-26 0.162E+00 0.819E-03 0.465E-03 0.771E-28 0.137E-03 0.499E-11 0.158E-29 0.254E-04 0.450E-37 0.450E-37 0.450E-37 0.450E-37 0.450E-37 0.450E-37 0.450E-37
 38  0.35481E+00  345.20 0.450E-37 0.836E+00 0.606E-30 0.450E-37 0.450E-37 0.450E-37 0.450E-37 0.786E-24 0.162E+00 0.819E-03 0.465E-03 0.730E-25 0.137E-03 0.753E-10 0.256E-26 0.254E-04 0.450E-37 0.450E-37 0.450E-37 0.450E-37 0.450E-37 0.450E-37 0.450E-37
 39  0.50119E+00  388.11 0.450E-37 0.836E+00 0.230E-26 0.450E-37 0.450E-37 0.450E-37 0.450E-37 0.225E-21 0.162E+00 0.819E-03 0.465E-03 0.102E-21 0.137E-03 0.146E-08 0.578E-23 0.254E-04 0.450E-37 0.291E-31 0.450E-37 0.455E-37 0.450E-37 0.450E-37 0.450E-37
 40  0.70795E+00  434.93 0.450E-37 0.836E+00 0.285E-23 0.450E-37 0.450E-37 0.450E-37 0.450E-37 0.312E-19 0.162E+00 0.819E-03 0.465E-03 0.550E-19 0.137E-03 0.183E-07 0.456E-20 0.254E-04 0.450E-37 0.148E-23 0.366E-34 0.342E-33 0.154E-33 0.450E-37 0.450E-37
 41  0.10000E+01  479.71 0.455E-37 0.836E+00 0.684E-21 0.450E-37 0.450E-37 0.450E-37 0.450E-37 0.134E-17 0.162E+00 0.819E-03 0.465E-03 0.667E-17 0.137E-03 0.115E-06 0.805E-18 0.254E-04 0.108E-36 0.135E-20 0.148E-29 0.108E-28 0.520E-29 0.450E-37 0.450E-37
 42  0.14125E+01  527.46 0.151E-34 0.836E+00 0.836E-19 0.450E-37 0.450E-37 0.450E-37 0.450E-37 0.358E-16 0.162E+00 0.819E-03 0.465E-03 0.438E-15 0.133E-03 0.533E-06 0.751E-16 0.254E-04 0.500E-33 0.506E-18 0.172E-25 0.102E-24 0.406E-25 0.460E-36 0.123E-35
 43  0.19953E+01  584.65 0.264E-30 0.836E+00 0.942E-17 0.450E-37 0.553E-37 0.450E-37 0.450E-37 0.921E-15 0.162E+00 0.819E-03 0.465E-03 0.271E-13 0.127E-03 0.232E-05 0.633E-14 0.254E-04 0.369E-29 0.168E-15 0.189E-21 0.882E-21 0.182E-21 0.598E-34 0.675E-33
 44  0.28184E+01  647.94 0.996E-27 0.836E+00 0.658E-15 0.450E-37 0.129E-36 0.450E-37 0.450E-37 0.169E-13 0.162E+00 0.819E-03 0.465E-03 0.108E-11 0.119E-03 0.809E-05 0.338E-12 0.254E-04 0.108E-25 0.296E-13 0.110E-17 0.425E-17 0.291E-19 0.399E-30 0.365E-29
 45  0.39811E+01  717.95 0.258E-23 0.836E+00 0.299E-13 0.450E-37 0.329E-32 0.363E-34 0.450E-37 0.227E-12 0.162E+00 0.819E-03 0.465E-03 0.290E-10 0.935E-04 0.168E-04 0.120E-10 0.254E-04 0.136E-22 0.295E-11 0.369E-14 0.839E-15 0.370E-17 0.108E-26 0.816E-26
 46  0.56234E+01  795.27 0.576E-20 0.836E+00 0.917E-12 0.450E-37 0.752E-28 0.455E-30 0.591E-34 0.228E-11 0.162E+00 0.819E-03 0.465E-03 0.535E-09 0.707E-04 0.273E-04 0.295E-09 0.254E-04 0.804E-20 0.175E-09 0.572E-11 0.618E-13 0.317E-15 0.129E-23 0.819E-23
 47  0.79433E+01  875.56 0.252E-17 0.836E+00 0.166E-10 0.450E-37 0.240E-24 0.181E-26 0.609E-30 0.152E-10 0.162E+00 0.819E-03 0.465E-03 0.590E-08 0.548E-04 0.368E-04 0.453E-08 0.254E-04 0.171E-17 0.528E-08 0.817E-09 0.206E-11 0.131E-13 0.515E-21 0.283E-20
 48  0.10000E+02  906.12 0.160E-16 0.836E+00 0.413E-10 0.450E-37 0.315E-23 0.257E-25 0.127E-28 0.228E-10 0.162E+00 0.819E-03 0.465E-03 0.105E-07 0.561E-04 0.402E-04 0.122E-07 0.254E-04 0.914E-17 0.147E-07 0.361E-08 0.575E-11 0.394E-13 0.360E-20 0.188E-19
 49  0.15849E+02  957.02 0.126E-15 0.836E+00 0.157E-09 0.450E-37 0.776E-22 0.129E-23 0.114E-26 0.345E-10 0.162E+00 0.819E-03 0.465E-03 0.203E-07 0.561E-04 0.348E-04 0.571E-07 0.255E-04 0.104E-15 0.615E-07 0.118E-07 0.193E-10 0.157E-12 0.651E-19 0.318E-18
 50  0.22387E+02  998.13 0.608E-15 0.836E+00 0.418E-09 0.450E-37 0.872E-21 0.226E-22 0.305E-25 0.461E-10 0.162E+00 0.819E-03 0.465E-03 0.326E-07 0.603E-04 0.354E-04 0.174E-06 0.255E-04 0.612E-15 0.175E-06 0.306E-07 0.509E-10 0.456E-12 0.543E-18 0.251E-17
 51  0.31623E+02 1043.94 0.236E-14 0.836E+00 0.114E-08 0.450E-37 0.790E-20 0.420E-21 0.874E-24 0.634E-10 0.162E+00 0.819E-03 0.465E-03 0.537E-07 0.630E-04 0.348E-04 0.335E-06 0.260E-04 0.371E-14 0.502E-06 0.531E-07 0.917E-10 0.106E-11 0.468E-17 0.120E-16
 52  0.44668E+02 1100.72 0.117E-13 0.836E+00 0.360E-08 0.450E-37 0.995E-19 0.117E-19 0.395E-22 0.990E-10 0.162E+00 0.819E-03 0.465E-03 0.103E-06 0.620E-04 0.327E-04 0.527E-06 0.264E-04 0.293E-13 0.170E-05 0.107E-06 0.193E-09 0.285E-11 0.538E-16 0.697E-16
 53  0.63096E+02 1170.00 0.498E-13 0.836E+00 0.128E-07 0.450E-37 0.114E-17 0.442E-18 0.254E-20 0.172E-09 0.162E+00 0.819E-03 0.465E-03 0.221E-06 0.612E-04 0.328E-04 0.525E-06 0.269E-04 0.281E-12 0.254E-05 0.129E-06 0.235E-09 0.427E-11 0.768E-15 0.134E-14
 54  0.89125E+02 1252.24 0.225E-12 0.836E+00 0.487E-07 0.450E-37 0.143E-16 0.197E-16 0.197E-18 0.317E-09 0.162E+00 0.818E-03 0.464E-03 0.509E-06 0.618E-04 0.356E-04 0.518E-06 0.273E-04 0.300E-11 0.341E-05 0.151E-06 0.280E-09 0.611E-11 0.123E-13 0.273E-13
 55  0.12589E+03 1345.68 0.940E-12 0.836E+00 0.182E-06 0.450E-37 0.163E-15 0.827E-15 0.141E-16 0.577E-09 0.162E+00 0.818E-03 0.463E-03 0.115E-05 0.596E-04 0.352E-04 0.506E-06 0.273E-04 0.306E-10 0.342E-05 0.162E-06 0.300E-09 0.746E-11 0.190E-12 0.492E-12
 56  0.17783E+03 1452.36 0.383E-11 0.836E+00 0.669E-06 0.450E-37 0.176E-14 0.320E-13 0.930E-15 0.102E-08 0.162E+00 0.815E-03 0.460E-03 0.251E-05 0.582E-04 0.351E-04 0.487E-06 0.273E-04 0.298E-09 0.344E-05 0.174E-06 0.325E-09 0.940E-11 0.279E-11 0.785E-11
 57  0.25119E+03 1574.64 0.153E-10 0.836E+00 0.239E-05 0.450E-37 0.182E-13 0.112E-11 0.517E-13 0.176E-08 0.162E+00 0.811E-03 0.456E-03 0.527E-05 0.588E-04 0.371E-04 0.462E-06 0.272E-04 0.272E-08 0.348E-05 0.190E-06 0.358E-09 0.123E-10 0.383E-10 0.111E-09
 58  0.35481E+03 1715.83 0.594E-10 0.836E+00 0.830E-05 0.183E-35 0.177E-12 0.351E-10 0.219E-11 0.312E-08 0.162E+00 0.819E-03 0.464E-03 0.111E-04 0.607E-04 0.402E-04 0.431E-06 0.272E-04 0.230E-07 0.351E-05 0.205E-06 0.391E-09 0.158E-10 0.490E-09 0.140E-08
 59  0.50119E+03 1880.30 0.220E-09 0.836E+00 0.279E-04 0.461E-32 0.159E-11 0.101E-08 0.776E-10 0.663E-08 0.162E+00 0.868E-03 0.530E-03 0.264E-04 0.633E-04 0.435E-04 0.393E-06 0.269E-04 0.174E-06 0.351E-05 0.214E-06 0.410E-09 0.185E-10 0.558E-08 0.181E-07
 60  0.70795E+03 2056.88 0.692E-09 0.836E+00 0.817E-04 0.512E-29 0.110E-10 0.667E-08 0.170E-08 0.151E-07 0.162E+00 0.939E-03 0.710E-03 0.642E-04 0.679E-04 0.462E-04 0.356E-06 0.262E-04 0.959E-06 0.348E-05 0.215E-06 0.412E-09 0.194E-10 0.456E-07 0.351E-07
 61  0.10000E+04 2245.94 0.189E-08 0.836E+00 0.210E-03 0.271E-26 0.615E-10 0.497E-08 0.471E-07 0.282E-07 0.162E+00 0.949E-03 0.100E-02 0.135E-03 0.747E-04 0.482E-04 0.326E-06 0.256E-04 0.491E-05 0.343E-05 0.213E-06 0.407E-09 0.196E-10 0.339E-06 0.500E-07
