   25.000000000000000     
  1  0.10000E-05  186.91 0.450E-37 0.836E+00 0.450E-37 0.450E-37 0.450E-37 0.450E-37 0.450E-37 0.620E-34 0.162E+00 0.819E-03 0.465E-03 0.450E-37 0.137E-03 0.302E-10 0.450E-37 0.254E-04 0.450E-37 0.450E-37 0.450E-37 0.450E-37 0.450E-37 0.450E-37 0.450E-37
  2  0.14100E-05  185.76 0.450E-37 0.836E+00 0.450E-37 0.450E-37 0.450E-37 0.450E-37 0.450E-37 0.162E-34 0.162E+00 0.819E-03 0.465E-03 0.450E-37 0.137E-03 0.108E-10 0.450E-37 0.254E-04 0.450E-37 0.450E-37 0.450E-37 0.450E-37 0.450E-37 0.450E-37 0.450E-37
  3  0.20000E-05  184.37 0.450E-37 0.836E+00 0.450E-37 0.450E-37 0.450E-37 0.450E-37 0.450E-37 0.358E-35 0.162E+00 0.819E-03 0.465E-03 0.450E-37 0.137E-03 0.350E-11 0.450E-37 0.254E-04 0.450E-37 0.450E-37 0.450E-37 0.450E-37 0.450E-37 0.450E-37 0.450E-37
  4  0.28200E-05  182.76 0.450E-37 0.836E+00 0.450E-37 0.450E-37 0.450E-37 0.450E-37 0.450E-37 0.698E-36 0.162E+00 0.819E-03 0.465E-03 0.450E-37 0.137E-03 0.107E-11 0.450E-37 0.254E-04 0.450E-37 0.450E-37 0.450E-37 0.450E-37 0.450E-37 0.450E-37 0.450E-37
  5  0.39800E-05  180.73 0.450E-37 0.836E+00 0.450E-37 0.450E-37 0.450E-37 0.450E-37 0.450E-37 0.142E-36 0.162E+00 0.819E-03 0.465E-03 0.450E-37 0.137E-03 0.283E-12 0.450E-37 0.254E-04 0.450E-37 0.450E-37 0.450E-37 0.450E-37 0.450E-37 0.450E-37 0.450E-37
  6  0.56200E-05  178.48 0.450E-37 0.836E+00 0.450E-37 0.450E-37 0.450E-37 0.450E-37 0.450E-37 0.663E-37 0.162E+00 0.809E-03 0.465E-03 0.450E-37 0.137E-03 0.685E-13 0.450E-37 0.254E-04 0.450E-37 0.450E-37 0.450E-37 0.450E-37 0.450E-37 0.450E-37 0.450E-37
  7  0.79400E-05  176.18 0.450E-37 0.836E+00 0.450E-37 0.450E-37 0.450E-37 0.450E-37 0.450E-37 0.505E-37 0.162E+00 0.778E-03 0.465E-03 0.450E-37 0.137E-03 0.161E-13 0.450E-37 0.254E-04 0.450E-37 0.450E-37 0.450E-37 0.450E-37 0.450E-37 0.450E-37 0.450E-37
  8  0.11220E-04  173.69 0.450E-37 0.836E+00 0.450E-37 0.450E-37 0.450E-37 0.450E-37 0.450E-37 0.450E-37 0.162E+00 0.686E-03 0.465E-03 0.450E-37 0.137E-03 0.346E-14 0.450E-37 0.254E-04 0.450E-37 0.450E-37 0.450E-37 0.450E-37 0.450E-37 0.450E-37 0.450E-37
  9  0.15850E-04  171.54 0.450E-37 0.836E+00 0.450E-37 0.450E-37 0.450E-37 0.450E-37 0.450E-37 0.450E-37 0.163E+00 0.482E-03 0.466E-03 0.450E-37 0.137E-03 0.818E-15 0.450E-37 0.254E-04 0.450E-37 0.450E-37 0.450E-37 0.450E-37 0.450E-37 0.450E-37 0.450E-37
 10  0.22390E-04  170.21 0.450E-37 0.836E+00 0.450E-37 0.450E-37 0.450E-37 0.450E-37 0.450E-37 0.450E-37 0.163E+00 0.315E-03 0.466E-03 0.450E-37 0.137E-03 0.256E-15 0.450E-37 0.254E-04 0.450E-37 0.450E-37 0.450E-37 0.450E-37 0.450E-37 0.450E-37 0.450E-37
 11  0.31620E-04  169.44 0.450E-37 0.837E+00 0.450E-37 0.450E-37 0.450E-37 0.450E-37 0.450E-37 0.450E-37 0.163E+00 0.194E-03 0.466E-03 0.450E-37 0.137E-03 0.972E-16 0.450E-37 0.254E-04 0.450E-37 0.450E-37 0.450E-37 0.450E-37 0.450E-37 0.450E-37 0.450E-37
 12  0.44670E-04  168.84 0.450E-37 0.837E+00 0.450E-37 0.450E-37 0.450E-37 0.450E-37 0.450E-37 0.450E-37 0.163E+00 0.120E-03 0.466E-03 0.450E-37 0.137E-03 0.392E-16 0.450E-37 0.254E-04 0.450E-37 0.450E-37 0.450E-37 0.450E-37 0.450E-37 0.450E-37 0.450E-37
 13  0.63100E-04  168.46 0.450E-37 0.837E+00 0.450E-37 0.450E-37 0.450E-37 0.450E-37 0.450E-37 0.450E-37 0.163E+00 0.784E-04 0.466E-03 0.450E-37 0.137E-03 0.171E-16 0.450E-37 0.254E-04 0.450E-37 0.450E-37 0.450E-37 0.450E-37 0.450E-37 0.450E-37 0.450E-37
 14  0.89120E-04  168.34 0.450E-37 0.837E+00 0.450E-37 0.450E-37 0.450E-37 0.450E-37 0.450E-37 0.450E-37 0.163E+00 0.541E-04 0.466E-03 0.450E-37 0.137E-03 0.822E-17 0.450E-37 0.254E-04 0.450E-37 0.450E-37 0.450E-37 0.450E-37 0.450E-37 0.450E-37 0.450E-37
 15  0.12589E-03  168.40 0.450E-37 0.837E+00 0.450E-37 0.450E-37 0.450E-37 0.450E-37 0.450E-37 0.450E-37 0.163E+00 0.388E-04 0.466E-03 0.450E-37 0.137E-03 0.420E-17 0.450E-37 0.254E-04 0.450E-37 0.450E-37 0.450E-37 0.450E-37 0.450E-37 0.450E-37 0.450E-37
 16  0.17783E-03  168.52 0.450E-37 0.837E+00 0.450E-37 0.450E-37 0.450E-37 0.450E-37 0.450E-37 0.450E-37 0.163E+00 0.282E-04 0.466E-03 0.450E-37 0.137E-03 0.220E-17 0.450E-37 0.254E-04 0.450E-37 0.450E-37 0.450E-37 0.450E-37 0.450E-37 0.450E-37 0.450E-37
 17  0.25119E-03  168.49 0.450E-37 0.837E+00 0.450E-37 0.450E-37 0.450E-37 0.450E-37 0.450E-37 0.450E-37 0.163E+00 0.198E-04 0.466E-03 0.450E-37 0.137E-03 0.109E-17 0.450E-37 0.254E-04 0.450E-37 0.450E-37 0.450E-37 0.450E-37 0.450E-37 0.450E-37 0.450E-37
 18  0.35481E-03  167.80 0.450E-37 0.837E+00 0.450E-37 0.450E-37 0.450E-37 0.450E-37 0.450E-37 0.450E-37 0.163E+00 0.121E-04 0.466E-03 0.450E-37 0.137E-03 0.425E-18 0.450E-37 0.254E-04 0.450E-37 0.450E-37 0.450E-37 0.450E-37 0.450E-37 0.450E-37 0.450E-37
 19  0.50119E-03  166.59 0.450E-37 0.837E+00 0.450E-37 0.450E-37 0.450E-37 0.450E-37 0.450E-37 0.450E-37 0.163E+00 0.655E-05 0.466E-03 0.450E-37 0.137E-03 0.136E-18 0.450E-37 0.254E-04 0.450E-37 0.450E-37 0.450E-37 0.450E-37 0.450E-37 0.450E-37 0.450E-37
 20  0.70795E-03  165.04 0.450E-37 0.837E+00 0.450E-37 0.450E-37 0.450E-37 0.450E-37 0.450E-37 0.450E-37 0.163E+00 0.327E-05 0.466E-03 0.450E-37 0.137E-03 0.381E-19 0.450E-37 0.254E-04 0.450E-37 0.450E-37 0.450E-37 0.450E-37 0.450E-37 0.450E-37 0.450E-37
 21  0.10000E-02  163.41 0.450E-37 0.837E+00 0.450E-37 0.450E-37 0.450E-37 0.450E-37 0.450E-37 0.450E-37 0.163E+00 0.160E-05 0.466E-03 0.450E-37 0.137E-03 0.102E-19 0.450E-37 0.254E-04 0.450E-37 0.450E-37 0.450E-37 0.450E-37 0.450E-37 0.450E-37 0.450E-37
 22  0.14125E-02  162.15 0.450E-37 0.837E+00 0.450E-37 0.450E-37 0.450E-37 0.450E-37 0.450E-37 0.450E-37 0.163E+00 0.842E-06 0.466E-03 0.450E-37 0.137E-03 0.314E-20 0.450E-37 0.209E-04 0.450E-37 0.450E-37 0.450E-37 0.450E-37 0.450E-37 0.450E-37 0.450E-37
 23  0.19953E-02  161.23 0.450E-37 0.837E+00 0.450E-37 0.450E-37 0.450E-37 0.450E-37 0.450E-37 0.450E-37 0.163E+00 0.480E-06 0.466E-03 0.450E-37 0.137E-03 0.109E-20 0.450E-37 0.163E-04 0.450E-37 0.450E-37 0.450E-37 0.450E-37 0.450E-37 0.450E-37 0.450E-37
 24  0.28184E-02  160.45 0.450E-37 0.837E+00 0.450E-37 0.450E-37 0.450E-37 0.450E-37 0.450E-37 0.450E-37 0.163E+00 0.282E-06 0.466E-03 0.450E-37 0.137E-03 0.400E-21 0.450E-37 0.123E-04 0.450E-37 0.450E-37 0.450E-37 0.450E-37 0.450E-37 0.450E-37 0.450E-37
 25  0.39811E-02  159.73 0.450E-37 0.837E+00 0.450E-37 0.450E-37 0.450E-37 0.450E-37 0.450E-37 0.450E-37 0.163E+00 0.168E-06 0.466E-03 0.450E-37 0.137E-03 0.150E-21 0.450E-37 0.804E-05 0.450E-37 0.450E-37 0.450E-37 0.450E-37 0.450E-37 0.450E-37 0.450E-37
 26  0.56234E-02  158.96 0.450E-37 0.837E+00 0.450E-37 0.450E-37 0.450E-37 0.450E-37 0.450E-37 0.450E-37 0.163E+00 0.985E-07 0.466E-03 0.450E-37 0.137E-03 0.551E-22 0.450E-37 0.481E-05 0.450E-37 0.450E-37 0.450E-37 0.450E-37 0.450E-37 0.450E-37 0.450E-37
 27  0.79433E-02  158.18 0.450E-37 0.837E+00 0.450E-37 0.450E-37 0.450E-37 0.450E-37 0.450E-37 0.450E-37 0.163E+00 0.576E-07 0.466E-03 0.450E-37 0.137E-03 0.201E-22 0.450E-37 0.287E-05 0.450E-37 0.450E-37 0.450E-37 0.450E-37 0.450E-37 0.450E-37 0.450E-37
 28  0.11220E-01  157.86 0.450E-37 0.837E+00 0.450E-37 0.450E-37 0.450E-37 0.450E-37 0.450E-37 0.450E-37 0.163E+00 0.377E-07 0.466E-03 0.450E-37 0.137E-03 0.881E-23 0.450E-37 0.189E-05 0.450E-37 0.450E-37 0.450E-37 0.450E-37 0.450E-37 0.450E-37 0.450E-37
 29  0.15849E-01  158.20 0.450E-37 0.837E+00 0.450E-37 0.450E-37 0.450E-37 0.450E-37 0.450E-37 0.450E-37 0.163E+00 0.290E-07 0.466E-03 0.450E-37 0.137E-03 0.509E-23 0.450E-37 0.144E-05 0.450E-37 0.450E-37 0.450E-37 0.450E-37 0.450E-37 0.450E-37 0.450E-37
 30  0.22387E-01  158.95 0.450E-37 0.837E+00 0.450E-37 0.450E-37 0.450E-37 0.450E-37 0.450E-37 0.450E-37 0.163E+00 0.247E-07 0.466E-03 0.450E-37 0.137E-03 0.346E-23 0.450E-37 0.121E-05 0.450E-37 0.450E-37 0.450E-37 0.450E-37 0.450E-37 0.450E-37 0.450E-37
 31  0.31623E-01  159.51 0.450E-37 0.837E+00 0.450E-37 0.450E-37 0.450E-37 0.450E-37 0.450E-37 0.450E-37 0.163E+00 0.200E-07 0.466E-03 0.450E-37 0.137E-03 0.218E-23 0.450E-37 0.964E-06 0.450E-37 0.450E-37 0.450E-37 0.450E-37 0.450E-37 0.450E-37 0.450E-37
 32  0.44668E-01  159.27 0.450E-37 0.837E+00 0.450E-37 0.450E-37 0.450E-37 0.450E-37 0.450E-37 0.450E-37 0.163E+00 0.134E-07 0.466E-03 0.450E-37 0.137E-03 0.988E-24 0.450E-37 0.647E-06 0.450E-37 0.450E-37 0.450E-37 0.450E-37 0.450E-37 0.450E-37 0.450E-37
 33  0.63096E-01  158.30 0.450E-37 0.837E+00 0.450E-37 0.450E-37 0.450E-37 0.450E-37 0.450E-37 0.450E-37 0.163E+00 0.746E-08 0.466E-03 0.450E-37 0.137E-03 0.334E-24 0.450E-37 0.370E-06 0.450E-37 0.450E-37 0.450E-37 0.450E-37 0.450E-37 0.450E-37 0.450E-37
 34  0.89125E-01  157.83 0.450E-37 0.837E+00 0.450E-37 0.450E-37 0.450E-37 0.450E-37 0.450E-37 0.450E-37 0.163E+00 0.471E-08 0.466E-03 0.450E-37 0.137E-03 0.138E-24 0.450E-37 0.236E-06 0.450E-37 0.450E-37 0.450E-37 0.450E-37 0.450E-37 0.450E-37 0.450E-37
 35  0.12589E+00  158.97 0.450E-37 0.837E+00 0.450E-37 0.450E-37 0.450E-37 0.450E-37 0.450E-37 0.450E-37 0.163E+00 0.441E-08 0.466E-03 0.450E-37 0.137E-03 0.110E-24 0.450E-37 0.215E-06 0.450E-37 0.450E-37 0.450E-37 0.450E-37 0.450E-37 0.450E-37 0.450E-37
 36  0.17783E+00  162.38 0.450E-37 0.837E+00 0.450E-37 0.450E-37 0.450E-37 0.450E-37 0.450E-37 0.450E-37 0.163E+00 0.707E-08 0.466E-03 0.450E-37 0.137E-03 0.217E-24 0.450E-37 0.317E-06 0.450E-37 0.450E-37 0.450E-37 0.450E-37 0.450E-37 0.450E-37 0.450E-37
 37  0.25119E+00  168.82 0.450E-37 0.837E+00 0.450E-37 0.450E-37 0.450E-37 0.450E-37 0.450E-37 0.450E-37 0.163E+00 0.213E-07 0.466E-03 0.450E-37 0.137E-03 0.123E-23 0.450E-37 0.827E-06 0.450E-37 0.450E-37 0.450E-37 0.450E-37 0.450E-37 0.450E-37 0.450E-37
 38  0.35481E+00  179.06 0.450E-37 0.837E+00 0.450E-37 0.450E-37 0.450E-37 0.450E-37 0.450E-37 0.450E-37 0.163E+00 0.122E-06 0.466E-03 0.450E-37 0.137E-03 0.208E-22 0.450E-37 0.384E-05 0.450E-37 0.450E-37 0.450E-37 0.450E-37 0.450E-37 0.450E-37 0.450E-37
 39  0.50119E+00  195.11 0.450E-37 0.837E+00 0.450E-37 0.450E-37 0.450E-37 0.450E-37 0.450E-37 0.450E-37 0.163E+00 0.147E-05 0.466E-03 0.450E-37 0.137E-03 0.127E-20 0.450E-37 0.202E-04 0.450E-37 0.450E-37 0.450E-37 0.450E-37 0.450E-37 0.450E-37 0.450E-37
 40  0.70795E+00  222.03 0.450E-37 0.837E+00 0.450E-37 0.450E-37 0.450E-37 0.450E-37 0.450E-37 0.450E-37 0.163E+00 0.484E-04 0.466E-03 0.450E-37 0.137E-03 0.451E-18 0.450E-37 0.254E-04 0.450E-37 0.450E-37 0.450E-37 0.450E-37 0.450E-37 0.450E-37 0.450E-37
 41  0.10000E+01  270.90 0.450E-37 0.836E+00 0.450E-37 0.450E-37 0.450E-37 0.450E-37 0.450E-37 0.135E-31 0.162E+00 0.819E-03 0.465E-03 0.248E-34 0.137E-03 0.142E-14 0.328E-34 0.254E-04 0.450E-37 0.450E-37 0.450E-37 0.450E-37 0.450E-37 0.450E-37 0.450E-37
 42  0.14125E+01  324.25 0.450E-37 0.836E+00 0.223E-32 0.450E-37 0.450E-37 0.450E-37 0.450E-37 0.120E-26 0.162E+00 0.819E-03 0.465E-03 0.442E-28 0.137E-03 0.580E-12 0.895E-28 0.254E-04 0.450E-37 0.450E-37 0.450E-37 0.450E-37 0.450E-37 0.450E-37 0.450E-37
 43  0.19953E+01  368.46 0.450E-37 0.836E+00 0.312E-28 0.450E-37 0.450E-37 0.450E-37 0.450E-37 0.946E-24 0.162E+00 0.819E-03 0.465E-03 0.217E-24 0.137E-03 0.190E-10 0.668E-24 0.254E-04 0.450E-37 0.450E-37 0.450E-37 0.450E-37 0.450E-37 0.450E-37 0.450E-37
 44  0.28184E+01  406.22 0.450E-37 0.836E+00 0.199E-25 0.450E-37 0.450E-37 0.450E-37 0.450E-37 0.699E-22 0.162E+00 0.819E-03 0.465E-03 0.558E-22 0.137E-03 0.174E-09 0.302E-21 0.254E-04 0.450E-37 0.162E-26 0.727E-37 0.132E-36 0.107E-36 0.450E-37 0.450E-37
 45  0.39811E+01  447.85 0.450E-37 0.836E+00 0.689E-23 0.450E-37 0.450E-37 0.450E-37 0.450E-37 0.388E-20 0.162E+00 0.819E-03 0.465E-03 0.943E-20 0.137E-03 0.126E-08 0.764E-19 0.254E-04 0.450E-37 0.241E-23 0.852E-34 0.738E-33 0.338E-33 0.450E-37 0.450E-37
 46  0.56234E+01  496.48 0.450E-37 0.836E+00 0.185E-20 0.450E-37 0.450E-37 0.450E-37 0.450E-37 0.185E-18 0.162E+00 0.819E-03 0.465E-03 0.129E-17 0.137E-03 0.850E-08 0.146E-16 0.254E-04 0.481E-36 0.250E-20 0.422E-29 0.285E-28 0.140E-28 0.450E-37 0.450E-37
 47  0.79433E+01  550.34 0.208E-33 0.836E+00 0.282E-18 0.450E-37 0.450E-37 0.450E-37 0.450E-37 0.601E-17 0.162E+00 0.819E-03 0.465E-03 0.107E-15 0.137E-03 0.464E-07 0.162E-14 0.254E-04 0.454E-32 0.123E-17 0.724E-25 0.390E-24 0.203E-24 0.146E-35 0.818E-35
 48  0.10000E+02  589.41 0.493E-31 0.836E+00 0.606E-17 0.450E-37 0.450E-37 0.450E-37 0.450E-37 0.494E-16 0.162E+00 0.819E-03 0.465E-03 0.155E-14 0.137E-03 0.127E-06 0.288E-13 0.254E-04 0.147E-29 0.529E-16 0.291E-22 0.137E-21 0.369E-22 0.561E-34 0.622E-33
 49  0.15849E+02  675.98 0.289E-26 0.836E+00 0.151E-14 0.450E-37 0.251E-35 0.408E-36 0.450E-37 0.216E-14 0.162E+00 0.819E-03 0.465E-03 0.186E-12 0.134E-03 0.728E-06 0.505E-11 0.254E-04 0.464E-25 0.432E-13 0.197E-17 0.407E-17 0.632E-19 0.522E-29 0.441E-28
 50  0.22387E+02  748.92 0.556E-23 0.836E+00 0.582E-13 0.450E-37 0.420E-31 0.330E-33 0.377E-36 0.256E-13 0.162E+00 0.819E-03 0.465E-03 0.424E-11 0.129E-03 0.211E-05 0.153E-09 0.254E-04 0.424E-22 0.346E-11 0.401E-14 0.127E-14 0.568E-17 0.998E-26 0.701E-25
 51  0.31623E+02  829.44 0.677E-20 0.836E+00 0.154E-11 0.450E-37 0.475E-27 0.391E-29 0.700E-33 0.230E-12 0.162E+00 0.819E-03 0.465E-03 0.678E-10 0.123E-03 0.511E-05 0.326E-08 0.254E-04 0.186E-19 0.168E-09 0.394E-11 0.666E-13 0.374E-15 0.866E-23 0.516E-22
 52  0.44668E+02  918.10 0.416E-17 0.836E+00 0.287E-10 0.450E-37 0.216E-23 0.168E-25 0.956E-29 0.159E-11 0.162E+00 0.819E-03 0.465E-03 0.775E-09 0.109E-03 0.926E-05 0.485E-07 0.254E-04 0.416E-17 0.523E-08 0.103E-08 0.219E-11 0.153E-13 0.366E-20 0.188E-19
 53  0.63096E+02 1015.48 0.397E-15 0.836E+00 0.393E-09 0.450E-37 0.124E-20 0.286E-22 0.457E-25 0.860E-11 0.162E+00 0.819E-03 0.465E-03 0.652E-08 0.967E-04 0.144E-04 0.356E-06 0.255E-04 0.501E-15 0.107E-06 0.204E-07 0.337E-10 0.310E-12 0.800E-18 0.298E-17
 54  0.89125E+02 1122.09 0.114E-13 0.836E+00 0.405E-08 0.450E-37 0.178E-18 0.210E-19 0.845E-22 0.371E-10 0.162E+00 0.819E-03 0.465E-03 0.413E-07 0.892E-04 0.214E-04 0.531E-06 0.262E-04 0.340E-13 0.118E-05 0.911E-07 0.163E-09 0.230E-11 0.947E-16 0.135E-15
 55  0.12589E+03 1238.40 0.136E-12 0.836E+00 0.322E-07 0.450E-37 0.901E-17 0.724E-17 0.661E-19 0.129E-09 0.162E+00 0.819E-03 0.465E-03 0.201E-06 0.783E-04 0.254E-04 0.523E-06 0.272E-04 0.138E-11 0.331E-05 0.145E-06 0.268E-09 0.561E-11 0.650E-14 0.139E-13
 56  0.17783E+03 1364.84 0.103E-11 0.836E+00 0.203E-06 0.450E-37 0.247E-15 0.126E-14 0.238E-16 0.369E-09 0.162E+00 0.818E-03 0.464E-03 0.765E-06 0.705E-04 0.284E-04 0.507E-06 0.273E-04 0.358E-10 0.340E-05 0.161E-06 0.298E-09 0.753E-11 0.276E-12 0.730E-12
 57  0.25119E+03 1501.80 0.610E-11 0.836E+00 0.104E-05 0.450E-37 0.464E-14 0.119E-12 0.429E-14 0.877E-09 0.162E+00 0.816E-03 0.462E-03 0.233E-05 0.679E-04 0.326E-04 0.485E-06 0.273E-04 0.624E-09 0.344E-05 0.178E-06 0.333E-09 0.101E-10 0.767E-11 0.221E-10
 58  0.35481E+03 1649.78 0.297E-10 0.836E+00 0.441E-05 0.193E-36 0.633E-13 0.647E-11 0.357E-12 0.182E-08 0.162E+00 0.820E-03 0.465E-03 0.595E-05 0.679E-04 0.366E-04 0.453E-06 0.272E-04 0.761E-08 0.348E-05 0.197E-06 0.373E-09 0.139E-10 0.146E-09 0.419E-09
 59  0.50119E+03 1809.26 0.119E-09 0.836E+00 0.158E-04 0.162E-33 0.643E-12 0.215E-09 0.156E-10 0.387E-08 0.162E+00 0.859E-03 0.515E-03 0.145E-04 0.705E-04 0.407E-04 0.420E-06 0.273E-04 0.672E-07 0.351E-05 0.210E-06 0.402E-09 0.174E-10 0.196E-08 0.577E-08
 60  0.70795E+03 1980.68 0.402E-09 0.836E+00 0.490E-04 0.252E-30 0.497E-11 0.506E-08 0.420E-09 0.944E-08 0.162E+00 0.928E-03 0.703E-03 0.383E-04 0.751E-04 0.440E-04 0.387E-06 0.267E-04 0.415E-06 0.349E-05 0.215E-06 0.411E-09 0.191E-10 0.180E-07 0.321E-07
 61  0.10000E+04 2164.51 0.116E-08 0.836E+00 0.133E-03 0.181E-27 0.304E-10 0.611E-08 0.770E-08 0.230E-07 0.162E+00 0.103E-02 0.102E-02 0.962E-04 0.820E-04 0.466E-04 0.356E-06 0.258E-04 0.205E-05 0.344E-05 0.213E-06 0.408E-09 0.196E-10 0.130E-06 0.464E-07
