   25.000000000000000     
  1  0.10000E-05  223.91 0.450E-37 0.836E+00 0.450E-37 0.450E-37 0.450E-37 0.450E-37 0.450E-37 0.271E-26 0.162E+00 0.819E-03 0.465E-03 0.110E-30 0.136E-03 0.333E-06 0.450E-37 0.254E-04 0.450E-37 0.450E-37 0.450E-37 0.450E-37 0.450E-37 0.450E-37 0.450E-37
  2  0.14100E-05  223.29 0.450E-37 0.836E+00 0.450E-37 0.450E-37 0.450E-37 0.450E-37 0.450E-37 0.107E-26 0.162E+00 0.819E-03 0.465E-03 0.407E-31 0.137E-03 0.148E-06 0.450E-37 0.254E-04 0.450E-37 0.450E-37 0.450E-37 0.450E-37 0.450E-37 0.450E-37 0.450E-37
  3  0.20000E-05  222.53 0.450E-37 0.836E+00 0.450E-37 0.450E-37 0.450E-37 0.450E-37 0.450E-37 0.392E-27 0.162E+00 0.819E-03 0.465E-03 0.138E-31 0.137E-03 0.626E-07 0.450E-37 0.254E-04 0.450E-37 0.450E-37 0.450E-37 0.450E-37 0.450E-37 0.450E-37 0.450E-37
  4  0.28200E-05  221.68 0.450E-37 0.836E+00 0.450E-37 0.450E-37 0.450E-37 0.450E-37 0.450E-37 0.140E-27 0.162E+00 0.819E-03 0.465E-03 0.454E-32 0.137E-03 0.263E-07 0.450E-37 0.254E-04 0.450E-37 0.450E-37 0.450E-37 0.450E-37 0.450E-37 0.450E-37 0.450E-37
  5  0.39800E-05  220.74 0.450E-37 0.836E+00 0.450E-37 0.450E-37 0.450E-37 0.450E-37 0.450E-37 0.478E-28 0.162E+00 0.819E-03 0.465E-03 0.141E-32 0.137E-03 0.108E-07 0.450E-37 0.254E-04 0.450E-37 0.450E-37 0.450E-37 0.450E-37 0.450E-37 0.450E-37 0.450E-37
  6  0.56200E-05  219.80 0.450E-37 0.836E+00 0.450E-37 0.450E-37 0.450E-37 0.450E-37 0.450E-37 0.164E-28 0.162E+00 0.819E-03 0.465E-03 0.439E-33 0.137E-03 0.440E-08 0.450E-37 0.254E-04 0.450E-37 0.450E-37 0.450E-37 0.450E-37 0.450E-37 0.450E-37 0.450E-37
  7  0.79400E-05  219.02 0.450E-37 0.836E+00 0.450E-37 0.450E-37 0.450E-37 0.450E-37 0.450E-37 0.592E-29 0.162E+00 0.819E-03 0.465E-03 0.147E-33 0.137E-03 0.186E-08 0.450E-37 0.254E-04 0.450E-37 0.450E-37 0.450E-37 0.450E-37 0.450E-37 0.450E-37 0.450E-37
  8  0.11220E-04  218.30 0.450E-37 0.836E+00 0.450E-37 0.450E-37 0.450E-37 0.450E-37 0.450E-37 0.220E-29 0.162E+00 0.819E-03 0.465E-03 0.506E-34 0.137E-03 0.793E-09 0.450E-37 0.254E-04 0.450E-37 0.450E-37 0.450E-37 0.450E-37 0.450E-37 0.450E-37 0.450E-37
  9  0.15850E-04  217.70 0.450E-37 0.836E+00 0.450E-37 0.450E-37 0.450E-37 0.450E-37 0.450E-37 0.857E-30 0.162E+00 0.819E-03 0.465E-03 0.185E-34 0.137E-03 0.347E-09 0.450E-37 0.254E-04 0.450E-37 0.450E-37 0.450E-37 0.450E-37 0.450E-37 0.450E-37 0.450E-37
 10  0.22390E-04  217.32 0.450E-37 0.836E+00 0.450E-37 0.450E-37 0.450E-37 0.450E-37 0.450E-37 0.367E-30 0.162E+00 0.819E-03 0.465E-03 0.762E-35 0.137E-03 0.160E-09 0.450E-37 0.254E-04 0.450E-37 0.450E-37 0.450E-37 0.450E-37 0.450E-37 0.450E-37 0.450E-37
 11  0.31620E-04  217.12 0.450E-37 0.836E+00 0.450E-37 0.450E-37 0.450E-37 0.450E-37 0.450E-37 0.169E-30 0.162E+00 0.819E-03 0.465E-03 0.351E-35 0.137E-03 0.767E-10 0.450E-37 0.254E-04 0.450E-37 0.450E-37 0.450E-37 0.450E-37 0.450E-37 0.450E-37 0.450E-37
 12  0.44670E-04  217.07 0.450E-37 0.836E+00 0.450E-37 0.450E-37 0.450E-37 0.450E-37 0.450E-37 0.829E-31 0.162E+00 0.819E-03 0.465E-03 0.199E-35 0.137E-03 0.380E-10 0.450E-37 0.254E-04 0.450E-37 0.450E-37 0.450E-37 0.450E-37 0.450E-37 0.450E-37 0.450E-37
 13  0.63100E-04  217.23 0.450E-37 0.836E+00 0.450E-37 0.450E-37 0.450E-37 0.450E-37 0.450E-37 0.443E-31 0.162E+00 0.819E-03 0.465E-03 0.124E-35 0.137E-03 0.197E-10 0.450E-37 0.254E-04 0.450E-37 0.450E-37 0.450E-37 0.450E-37 0.450E-37 0.450E-37 0.450E-37
 14  0.89120E-04  217.40 0.450E-37 0.836E+00 0.450E-37 0.450E-37 0.450E-37 0.450E-37 0.450E-37 0.239E-31 0.162E+00 0.819E-03 0.465E-03 0.762E-36 0.137E-03 0.103E-10 0.450E-37 0.254E-04 0.450E-37 0.450E-37 0.450E-37 0.450E-37 0.450E-37 0.450E-37 0.450E-37
 15  0.12589E-03  216.97 0.450E-37 0.836E+00 0.450E-37 0.450E-37 0.450E-37 0.450E-37 0.450E-37 0.100E-31 0.162E+00 0.819E-03 0.465E-03 0.394E-36 0.137E-03 0.468E-11 0.450E-37 0.254E-04 0.450E-37 0.450E-37 0.450E-37 0.450E-37 0.450E-37 0.450E-37 0.450E-37
 16  0.17783E-03  215.19 0.450E-37 0.836E+00 0.450E-37 0.450E-37 0.450E-37 0.450E-37 0.450E-37 0.234E-32 0.162E+00 0.819E-03 0.465E-03 0.159E-36 0.137E-03 0.156E-11 0.450E-37 0.254E-04 0.450E-37 0.450E-37 0.450E-37 0.450E-37 0.450E-37 0.450E-37 0.450E-37
 17  0.25119E-03  211.89 0.450E-37 0.836E+00 0.450E-37 0.450E-37 0.450E-37 0.450E-37 0.450E-37 0.278E-33 0.162E+00 0.819E-03 0.465E-03 0.626E-37 0.137E-03 0.364E-12 0.450E-37 0.254E-04 0.450E-37 0.450E-37 0.450E-37 0.450E-37 0.450E-37 0.450E-37 0.450E-37
 18  0.35481E-03  208.05 0.450E-37 0.836E+00 0.450E-37 0.450E-37 0.450E-37 0.450E-37 0.450E-37 0.246E-34 0.162E+00 0.819E-03 0.465E-03 0.450E-37 0.137E-03 0.726E-13 0.450E-37 0.254E-04 0.450E-37 0.450E-37 0.450E-37 0.450E-37 0.450E-37 0.450E-37 0.450E-37
 19  0.50119E-03  204.40 0.450E-37 0.836E+00 0.450E-37 0.450E-37 0.450E-37 0.450E-37 0.450E-37 0.224E-35 0.162E+00 0.819E-03 0.465E-03 0.450E-37 0.137E-03 0.147E-13 0.450E-37 0.254E-04 0.450E-37 0.450E-37 0.450E-37 0.450E-37 0.450E-37 0.450E-37 0.450E-37
 20  0.70795E-03  201.08 0.450E-37 0.836E+00 0.450E-37 0.450E-37 0.450E-37 0.450E-37 0.450E-37 0.225E-36 0.162E+00 0.819E-03 0.465E-03 0.450E-37 0.137E-03 0.314E-14 0.450E-37 0.254E-04 0.450E-37 0.450E-37 0.450E-37 0.450E-37 0.450E-37 0.450E-37 0.450E-37
 21  0.10000E-02  198.82 0.450E-37 0.836E+00 0.450E-37 0.450E-37 0.450E-37 0.450E-37 0.450E-37 0.632E-37 0.162E+00 0.736E-03 0.465E-03 0.450E-37 0.137E-03 0.870E-15 0.450E-37 0.254E-04 0.450E-37 0.450E-37 0.450E-37 0.450E-37 0.450E-37 0.450E-37 0.450E-37
 22  0.14125E-02  197.48 0.450E-37 0.836E+00 0.450E-37 0.450E-37 0.450E-37 0.450E-37 0.450E-37 0.549E-37 0.163E+00 0.540E-03 0.466E-03 0.450E-37 0.137E-03 0.304E-15 0.450E-37 0.254E-04 0.450E-37 0.450E-37 0.450E-37 0.450E-37 0.450E-37 0.450E-37 0.450E-37
 23  0.19953E-02  196.50 0.450E-37 0.836E+00 0.450E-37 0.450E-37 0.450E-37 0.450E-37 0.450E-37 0.495E-37 0.163E+00 0.393E-03 0.466E-03 0.450E-37 0.137E-03 0.117E-15 0.450E-37 0.254E-04 0.450E-37 0.450E-37 0.450E-37 0.450E-37 0.450E-37 0.450E-37 0.450E-37
 24  0.28184E-02  195.94 0.450E-37 0.836E+00 0.450E-37 0.450E-37 0.450E-37 0.450E-37 0.450E-37 0.456E-37 0.163E+00 0.293E-03 0.466E-03 0.450E-37 0.137E-03 0.505E-16 0.450E-37 0.254E-04 0.450E-37 0.450E-37 0.450E-37 0.450E-37 0.450E-37 0.450E-37 0.450E-37
 25  0.39811E-02  196.12 0.450E-37 0.836E+00 0.450E-37 0.450E-37 0.450E-37 0.450E-37 0.450E-37 0.450E-37 0.163E+00 0.218E-03 0.466E-03 0.450E-37 0.137E-03 0.265E-16 0.450E-37 0.254E-04 0.450E-37 0.450E-37 0.450E-37 0.450E-37 0.450E-37 0.450E-37 0.450E-37
 26  0.56234E-02  196.87 0.450E-37 0.837E+00 0.450E-37 0.450E-37 0.450E-37 0.450E-37 0.450E-37 0.450E-37 0.163E+00 0.174E-03 0.466E-03 0.450E-37 0.137E-03 0.163E-16 0.450E-37 0.254E-04 0.450E-37 0.450E-37 0.450E-37 0.450E-37 0.450E-37 0.450E-37 0.450E-37
 27  0.79433E-02  197.93 0.450E-37 0.837E+00 0.450E-37 0.450E-37 0.450E-37 0.450E-37 0.450E-37 0.450E-37 0.163E+00 0.146E-03 0.466E-03 0.450E-37 0.137E-03 0.109E-16 0.450E-37 0.254E-04 0.450E-37 0.450E-37 0.450E-37 0.450E-37 0.450E-37 0.450E-37 0.450E-37
 28  0.11220E-01  199.28 0.450E-37 0.837E+00 0.450E-37 0.450E-37 0.450E-37 0.450E-37 0.450E-37 0.450E-37 0.163E+00 0.128E-03 0.466E-03 0.450E-37 0.137E-03 0.780E-17 0.450E-37 0.254E-04 0.450E-37 0.450E-37 0.450E-37 0.450E-37 0.450E-37 0.450E-37 0.450E-37
 29  0.15849E-01  200.78 0.450E-37 0.837E+00 0.450E-37 0.450E-37 0.450E-37 0.450E-37 0.450E-37 0.454E-37 0.163E+00 0.114E-03 0.466E-03 0.450E-37 0.137E-03 0.581E-17 0.450E-37 0.254E-04 0.450E-37 0.450E-37 0.450E-37 0.450E-37 0.450E-37 0.450E-37 0.450E-37
 30  0.22387E-01  202.43 0.450E-37 0.837E+00 0.450E-37 0.450E-37 0.450E-37 0.450E-37 0.450E-37 0.456E-37 0.163E+00 0.104E-03 0.466E-03 0.450E-37 0.137E-03 0.446E-17 0.450E-37 0.254E-04 0.450E-37 0.450E-37 0.450E-37 0.450E-37 0.450E-37 0.450E-37 0.450E-37
 31  0.31623E-01  204.42 0.450E-37 0.837E+00 0.450E-37 0.450E-37 0.450E-37 0.450E-37 0.450E-37 0.450E-37 0.163E+00 0.987E-04 0.466E-03 0.450E-37 0.137E-03 0.372E-17 0.450E-37 0.254E-04 0.450E-37 0.450E-37 0.450E-37 0.450E-37 0.450E-37 0.450E-37 0.450E-37
 32  0.44668E-01  206.96 0.450E-37 0.837E+00 0.450E-37 0.450E-37 0.450E-37 0.450E-37 0.450E-37 0.450E-37 0.163E+00 0.101E-03 0.466E-03 0.450E-37 0.137E-03 0.351E-17 0.450E-37 0.254E-04 0.450E-37 0.450E-37 0.450E-37 0.450E-37 0.450E-37 0.450E-37 0.450E-37
 33  0.63096E-01  210.27 0.450E-37 0.837E+00 0.450E-37 0.450E-37 0.450E-37 0.450E-37 0.450E-37 0.463E-37 0.163E+00 0.115E-03 0.466E-03 0.450E-37 0.137E-03 0.393E-17 0.450E-37 0.254E-04 0.450E-37 0.450E-37 0.450E-37 0.450E-37 0.450E-37 0.450E-37 0.450E-37
 34  0.89125E-01  214.76 0.450E-37 0.837E+00 0.450E-37 0.450E-37 0.450E-37 0.450E-37 0.450E-37 0.509E-37 0.163E+00 0.149E-03 0.466E-03 0.450E-37 0.137E-03 0.564E-17 0.450E-37 0.254E-04 0.450E-37 0.450E-37 0.450E-37 0.450E-37 0.450E-37 0.450E-37 0.450E-37
 35  0.12589E+00  221.16 0.450E-37 0.837E+00 0.450E-37 0.450E-37 0.450E-37 0.450E-37 0.450E-37 0.668E-37 0.163E+00 0.242E-03 0.466E-03 0.450E-37 0.137E-03 0.118E-16 0.450E-37 0.254E-04 0.450E-37 0.450E-37 0.450E-37 0.450E-37 0.450E-37 0.450E-37 0.450E-37
 36  0.17783E+00  232.02 0.450E-37 0.836E+00 0.450E-37 0.450E-37 0.450E-37 0.450E-37 0.450E-37 0.855E-36 0.163E+00 0.540E-03 0.466E-03 0.450E-37 0.137E-03 0.566E-16 0.450E-37 0.254E-04 0.450E-37 0.450E-37 0.450E-37 0.450E-37 0.450E-37 0.450E-37 0.450E-37
 37  0.25119E+00  250.20 0.450E-37 0.836E+00 0.450E-37 0.450E-37 0.450E-37 0.450E-37 0.450E-37 0.489E-33 0.162E+00 0.819E-03 0.465E-03 0.200E-36 0.137E-03 0.818E-15 0.468E-37 0.254E-04 0.450E-37 0.450E-37 0.450E-37 0.450E-37 0.450E-37 0.450E-37 0.450E-37
 38  0.35481E+00  274.45 0.450E-37 0.836E+00 0.450E-37 0.450E-37 0.450E-37 0.450E-37 0.450E-37 0.277E-30 0.162E+00 0.819E-03 0.465E-03 0.647E-33 0.137E-03 0.190E-13 0.469E-34 0.254E-04 0.450E-37 0.450E-37 0.450E-37 0.450E-37 0.450E-37 0.450E-37 0.450E-37
 39  0.50119E+00  308.20 0.450E-37 0.836E+00 0.555E-34 0.450E-37 0.450E-37 0.450E-37 0.450E-37 0.389E-27 0.162E+00 0.819E-03 0.465E-03 0.650E-29 0.137E-03 0.769E-12 0.941E-30 0.254E-04 0.450E-37 0.450E-37 0.450E-37 0.450E-37 0.450E-37 0.450E-37 0.450E-37
 40  0.70795E+00  351.29 0.450E-37 0.836E+00 0.160E-29 0.450E-37 0.450E-37 0.450E-37 0.450E-37 0.536E-24 0.162E+00 0.819E-03 0.465E-03 0.638E-25 0.137E-03 0.334E-10 0.139E-25 0.254E-04 0.450E-37 0.450E-37 0.450E-37 0.450E-37 0.450E-37 0.450E-37 0.450E-37
 41  0.10000E+01  396.21 0.450E-37 0.836E+00 0.651E-26 0.450E-37 0.450E-37 0.450E-37 0.450E-37 0.159E-21 0.162E+00 0.819E-03 0.465E-03 0.934E-22 0.137E-03 0.671E-09 0.330E-22 0.254E-04 0.450E-37 0.404E-28 0.450E-37 0.450E-37 0.450E-37 0.450E-37 0.450E-37
 42  0.14125E+01  436.51 0.450E-37 0.836E+00 0.251E-23 0.450E-37 0.450E-37 0.450E-37 0.450E-37 0.931E-20 0.162E+00 0.819E-03 0.465E-03 0.171E-19 0.137E-03 0.507E-08 0.925E-20 0.254E-04 0.450E-37 0.979E-24 0.199E-34 0.185E-33 0.832E-34 0.450E-37 0.450E-37
 43  0.19953E+01  477.43 0.451E-37 0.836E+00 0.373E-21 0.450E-37 0.450E-37 0.450E-37 0.450E-37 0.274E-18 0.162E+00 0.819E-03 0.465E-03 0.130E-17 0.137E-03 0.258E-07 0.108E-17 0.254E-04 0.661E-37 0.486E-21 0.312E-30 0.231E-29 0.111E-29 0.450E-37 0.450E-37
 44  0.28184E+01  529.25 0.147E-34 0.836E+00 0.701E-19 0.450E-37 0.450E-37 0.450E-37 0.450E-37 0.103E-16 0.162E+00 0.819E-03 0.465E-03 0.130E-15 0.136E-03 0.151E-06 0.146E-15 0.254E-04 0.345E-33 0.314E-18 0.819E-26 0.480E-25 0.239E-25 0.458E-36 0.130E-35
 45  0.39811E+01  586.62 0.136E-30 0.836E+00 0.776E-17 0.450E-37 0.514E-37 0.450E-37 0.450E-37 0.262E-15 0.162E+00 0.819E-03 0.465E-03 0.791E-14 0.134E-03 0.697E-06 0.121E-13 0.254E-04 0.246E-29 0.102E-15 0.833E-22 0.395E-21 0.104E-21 0.577E-34 0.646E-33
 46  0.56234E+01  650.12 0.473E-27 0.836E+00 0.534E-15 0.450E-37 0.747E-37 0.456E-37 0.450E-37 0.474E-14 0.162E+00 0.819E-03 0.465E-03 0.311E-12 0.128E-03 0.254E-05 0.637E-12 0.254E-04 0.700E-26 0.176E-13 0.427E-18 0.166E-17 0.200E-19 0.373E-30 0.339E-29
 47  0.79433E+01  720.36 0.118E-23 0.836E+00 0.239E-13 0.450E-37 0.230E-32 0.234E-34 0.450E-37 0.632E-13 0.162E+00 0.819E-03 0.465E-03 0.823E-11 0.117E-03 0.700E-05 0.223E-10 0.254E-04 0.862E-23 0.172E-11 0.129E-14 0.513E-15 0.230E-17 0.981E-27 0.737E-26
 48  0.10000E+02  771.19 0.192E-21 0.836E+00 0.242E-12 0.450E-37 0.179E-29 0.134E-31 0.405E-35 0.302E-12 0.162E+00 0.819E-03 0.465E-03 0.594E-10 0.108E-03 0.122E-04 0.194E-09 0.254E-04 0.643E-21 0.273E-10 0.181E-12 0.953E-14 0.456E-16 0.118E-24 0.787E-24
 49  0.15849E+02  883.51 0.183E-17 0.836E+00 0.155E-10 0.450E-37 0.290E-24 0.196E-26 0.729E-30 0.481E-11 0.162E+00 0.819E-03 0.465E-03 0.195E-08 0.799E-04 0.225E-04 0.945E-08 0.254E-04 0.143E-17 0.370E-08 0.633E-09 0.152E-11 0.973E-14 0.632E-21 0.343E-20
 50  0.22387E+02  943.29 0.427E-16 0.836E+00 0.882E-10 0.450E-37 0.247E-22 0.294E-24 0.223E-27 0.123E-10 0.162E+00 0.819E-03 0.465E-03 0.676E-08 0.752E-04 0.256E-04 0.535E-07 0.254E-04 0.347E-16 0.267E-07 0.587E-08 0.949E-11 0.726E-13 0.244E-19 0.121E-18
 51  0.31623E+02 1004.41 0.549E-15 0.836E+00 0.415E-09 0.450E-37 0.103E-20 0.255E-22 0.366E-25 0.267E-10 0.162E+00 0.819E-03 0.465E-03 0.193E-07 0.749E-04 0.298E-04 0.236E-06 0.255E-04 0.588E-15 0.151E-06 0.277E-07 0.458E-10 0.413E-12 0.636E-18 0.276E-17
 52  0.44668E+02 1071.61 0.442E-14 0.836E+00 0.186E-08 0.450E-37 0.258E-19 0.187E-20 0.496E-23 0.561E-10 0.162E+00 0.819E-03 0.465E-03 0.526E-07 0.682E-04 0.284E-04 0.443E-06 0.261E-04 0.878E-14 0.784E-06 0.680E-07 0.120E-09 0.153E-11 0.146E-16 0.264E-16
 53  0.63096E+02 1149.46 0.303E-13 0.836E+00 0.851E-08 0.450E-37 0.550E-18 0.143E-18 0.707E-21 0.121E-09 0.162E+00 0.819E-03 0.465E-03 0.146E-06 0.652E-04 0.304E-04 0.526E-06 0.267E-04 0.134E-12 0.206E-05 0.117E-06 0.213E-09 0.356E-11 0.344E-15 0.550E-15
 54  0.89125E+02 1238.32 0.172E-12 0.836E+00 0.383E-07 0.450E-37 0.957E-17 0.102E-16 0.929E-19 0.257E-09 0.162E+00 0.819E-03 0.464E-03 0.399E-06 0.644E-04 0.343E-04 0.520E-06 0.273E-04 0.195E-11 0.340E-05 0.149E-06 0.277E-09 0.590E-11 0.770E-14 0.165E-13
 55  0.12589E+03 1336.49 0.808E-12 0.836E+00 0.159E-06 0.450E-37 0.130E-15 0.568E-15 0.924E-17 0.512E-09 0.162E+00 0.818E-03 0.464E-03 0.100E-05 0.611E-04 0.344E-04 0.508E-06 0.273E-04 0.240E-10 0.341E-05 0.160E-06 0.297E-09 0.730E-11 0.145E-12 0.372E-12
 56  0.17783E+03 1446.25 0.351E-11 0.836E+00 0.619E-06 0.450E-37 0.155E-14 0.259E-13 0.731E-15 0.956E-09 0.162E+00 0.815E-03 0.461E-03 0.232E-05 0.590E-04 0.347E-04 0.489E-06 0.273E-04 0.259E-09 0.343E-05 0.173E-06 0.323E-09 0.925E-11 0.239E-11 0.672E-11
 57  0.25119E+03 1570.54 0.146E-10 0.836E+00 0.229E-05 0.450E-37 0.169E-13 0.996E-12 0.452E-13 0.170E-08 0.162E+00 0.811E-03 0.457E-03 0.504E-05 0.593E-04 0.369E-04 0.463E-06 0.272E-04 0.251E-08 0.347E-05 0.189E-06 0.356E-09 0.121E-10 0.351E-10 0.102E-09
 58  0.35481E+03 1712.98 0.578E-10 0.836E+00 0.808E-05 0.157E-35 0.169E-12 0.328E-10 0.203E-11 0.305E-08 0.162E+00 0.819E-03 0.464E-03 0.108E-04 0.610E-04 0.400E-04 0.432E-06 0.272E-04 0.220E-07 0.351E-05 0.205E-06 0.390E-09 0.157E-10 0.466E-09 0.133E-08
 59  0.50119E+03 1877.23 0.215E-09 0.836E+00 0.273E-04 0.401E-32 0.153E-11 0.951E-09 0.726E-10 0.648E-08 0.162E+00 0.868E-03 0.529E-03 0.257E-04 0.636E-04 0.434E-04 0.394E-06 0.269E-04 0.167E-06 0.351E-05 0.214E-06 0.409E-09 0.185E-10 0.534E-08 0.173E-07
 60  0.70795E+03 2053.59 0.676E-09 0.836E+00 0.799E-04 0.452E-29 0.106E-10 0.670E-08 0.161E-08 0.148E-07 0.162E+00 0.938E-03 0.711E-03 0.629E-04 0.682E-04 0.461E-04 0.358E-06 0.262E-04 0.926E-06 0.348E-05 0.215E-06 0.412E-09 0.194E-10 0.438E-07 0.349E-07
 61  0.10000E+04 2242.43 0.186E-08 0.836E+00 0.206E-03 0.242E-26 0.598E-10 0.502E-08 0.437E-07 0.279E-07 0.162E+00 0.953E-03 0.101E-02 0.133E-03 0.750E-04 0.481E-04 0.327E-06 0.256E-04 0.474E-05 0.343E-05 0.213E-06 0.407E-09 0.196E-10 0.326E-06 0.498E-07
