   25.000000000000000     
  1  0.10000E-05  176.63 0.451E-37 0.822E+00 0.451E-37 0.451E-37 0.451E-37 0.451E-37 0.451E-37 0.124E-33 0.164E+00 0.779E-02 0.469E-02 0.451E-37 0.138E-02 0.126E-09 0.451E-37 0.256E-03 0.451E-37 0.451E-37 0.451E-37 0.451E-37 0.451E-37 0.451E-37 0.451E-37
  2  0.14100E-05  170.84 0.452E-37 0.824E+00 0.452E-37 0.452E-37 0.452E-37 0.452E-37 0.452E-37 0.819E-36 0.164E+00 0.514E-02 0.470E-02 0.452E-37 0.139E-02 0.867E-11 0.452E-37 0.256E-03 0.452E-37 0.452E-37 0.452E-37 0.452E-37 0.452E-37 0.452E-37 0.452E-37
  3  0.20000E-05  168.01 0.453E-37 0.826E+00 0.453E-37 0.453E-37 0.453E-37 0.453E-37 0.453E-37 0.121E-36 0.164E+00 0.226E-02 0.471E-02 0.453E-37 0.139E-02 0.155E-11 0.453E-37 0.257E-03 0.453E-37 0.453E-37 0.453E-37 0.453E-37 0.453E-37 0.453E-37 0.453E-37
  4  0.28200E-05  166.52 0.454E-37 0.827E+00 0.454E-37 0.454E-37 0.454E-37 0.454E-37 0.454E-37 0.513E-37 0.165E+00 0.115E-02 0.472E-02 0.454E-37 0.139E-02 0.452E-12 0.454E-37 0.257E-03 0.454E-37 0.454E-37 0.454E-37 0.454E-37 0.454E-37 0.454E-37 0.454E-37
  5  0.39800E-05  165.76 0.454E-37 0.828E+00 0.454E-37 0.454E-37 0.454E-37 0.454E-37 0.454E-37 0.454E-37 0.165E+00 0.690E-03 0.472E-02 0.454E-37 0.139E-02 0.170E-12 0.454E-37 0.258E-03 0.454E-37 0.454E-37 0.454E-37 0.454E-37 0.454E-37 0.454E-37 0.454E-37
  6  0.56200E-05  165.24 0.454E-37 0.828E+00 0.454E-37 0.454E-37 0.454E-37 0.454E-37 0.454E-37 0.454E-37 0.165E+00 0.435E-03 0.472E-02 0.454E-37 0.139E-02 0.702E-13 0.454E-37 0.258E-03 0.454E-37 0.454E-37 0.454E-37 0.454E-37 0.454E-37 0.454E-37 0.454E-37
  7  0.79400E-05  164.92 0.454E-37 0.828E+00 0.454E-37 0.454E-37 0.454E-37 0.454E-37 0.454E-37 0.454E-37 0.165E+00 0.286E-03 0.472E-02 0.454E-37 0.139E-02 0.312E-13 0.454E-37 0.258E-03 0.454E-37 0.454E-37 0.454E-37 0.454E-37 0.454E-37 0.454E-37 0.454E-37
  8  0.11220E-04  164.57 0.455E-37 0.828E+00 0.455E-37 0.455E-37 0.455E-37 0.455E-37 0.455E-37 0.455E-37 0.165E+00 0.187E-03 0.472E-02 0.455E-37 0.139E-02 0.137E-13 0.455E-37 0.258E-03 0.455E-37 0.455E-37 0.455E-37 0.455E-37 0.455E-37 0.455E-37 0.455E-37
  9  0.15850E-04  164.21 0.455E-37 0.828E+00 0.455E-37 0.455E-37 0.455E-37 0.455E-37 0.455E-37 0.455E-37 0.165E+00 0.122E-03 0.472E-02 0.455E-37 0.139E-02 0.597E-14 0.455E-37 0.258E-03 0.455E-37 0.455E-37 0.455E-37 0.455E-37 0.455E-37 0.455E-37 0.455E-37
 10  0.22390E-04  164.00 0.455E-37 0.829E+00 0.455E-37 0.455E-37 0.455E-37 0.455E-37 0.455E-37 0.455E-37 0.165E+00 0.824E-04 0.472E-02 0.455E-37 0.139E-02 0.277E-14 0.455E-37 0.258E-03 0.455E-37 0.455E-37 0.455E-37 0.455E-37 0.455E-37 0.455E-37 0.455E-37
 11  0.31620E-04  164.03 0.455E-37 0.829E+00 0.455E-37 0.455E-37 0.455E-37 0.455E-37 0.455E-37 0.455E-37 0.165E+00 0.587E-04 0.472E-02 0.455E-37 0.139E-02 0.140E-14 0.455E-37 0.258E-03 0.455E-37 0.455E-37 0.455E-37 0.455E-37 0.455E-37 0.455E-37 0.455E-37
 12  0.44670E-04  164.40 0.455E-37 0.829E+00 0.455E-37 0.455E-37 0.455E-37 0.455E-37 0.455E-37 0.455E-37 0.165E+00 0.452E-04 0.472E-02 0.455E-37 0.139E-02 0.809E-15 0.455E-37 0.258E-03 0.455E-37 0.455E-37 0.455E-37 0.455E-37 0.455E-37 0.455E-37 0.455E-37
 13  0.63100E-04  165.06 0.455E-37 0.829E+00 0.455E-37 0.455E-37 0.455E-37 0.455E-37 0.455E-37 0.455E-37 0.165E+00 0.373E-04 0.472E-02 0.455E-37 0.139E-02 0.522E-15 0.455E-37 0.258E-03 0.455E-37 0.455E-37 0.455E-37 0.455E-37 0.455E-37 0.455E-37 0.455E-37
 14  0.89120E-04  165.46 0.455E-37 0.829E+00 0.455E-37 0.455E-37 0.455E-37 0.455E-37 0.455E-37 0.455E-37 0.165E+00 0.289E-04 0.472E-02 0.455E-37 0.139E-02 0.305E-15 0.455E-37 0.258E-03 0.455E-37 0.455E-37 0.455E-37 0.455E-37 0.455E-37 0.455E-37 0.455E-37
 15  0.12589E-03  164.97 0.455E-37 0.829E+00 0.455E-37 0.455E-37 0.455E-37 0.455E-37 0.455E-37 0.455E-37 0.165E+00 0.183E-04 0.473E-02 0.455E-37 0.139E-02 0.127E-15 0.455E-37 0.237E-03 0.455E-37 0.455E-37 0.455E-37 0.455E-37 0.455E-37 0.455E-37 0.455E-37
 16  0.17783E-03  163.65 0.455E-37 0.829E+00 0.455E-37 0.455E-37 0.455E-37 0.455E-37 0.455E-37 0.455E-37 0.165E+00 0.958E-05 0.473E-02 0.455E-37 0.139E-02 0.383E-16 0.455E-37 0.198E-03 0.455E-37 0.455E-37 0.455E-37 0.455E-37 0.455E-37 0.455E-37 0.455E-37
 17  0.25119E-03  161.80 0.455E-37 0.829E+00 0.455E-37 0.455E-37 0.455E-37 0.455E-37 0.455E-37 0.455E-37 0.165E+00 0.440E-05 0.473E-02 0.455E-37 0.139E-02 0.933E-17 0.455E-37 0.148E-03 0.455E-37 0.455E-37 0.455E-37 0.455E-37 0.455E-37 0.455E-37 0.455E-37
 18  0.35481E-03  159.81 0.455E-37 0.829E+00 0.455E-37 0.455E-37 0.455E-37 0.455E-37 0.455E-37 0.455E-37 0.165E+00 0.194E-05 0.473E-02 0.455E-37 0.139E-02 0.211E-17 0.455E-37 0.927E-04 0.455E-37 0.455E-37 0.455E-37 0.455E-37 0.455E-37 0.455E-37 0.455E-37
 19  0.50119E-03  158.00 0.455E-37 0.829E+00 0.455E-37 0.455E-37 0.455E-37 0.455E-37 0.455E-37 0.455E-37 0.165E+00 0.882E-06 0.473E-02 0.455E-37 0.139E-02 0.506E-18 0.455E-37 0.441E-04 0.455E-37 0.455E-37 0.455E-37 0.455E-37 0.455E-37 0.455E-37 0.455E-37
 20  0.70795E-03  156.35 0.455E-37 0.829E+00 0.455E-37 0.455E-37 0.455E-37 0.455E-37 0.455E-37 0.455E-37 0.165E+00 0.413E-06 0.473E-02 0.455E-37 0.139E-02 0.127E-18 0.455E-37 0.215E-04 0.455E-37 0.455E-37 0.455E-37 0.455E-37 0.455E-37 0.455E-37 0.455E-37
 21  0.10000E-02  154.72 0.455E-37 0.829E+00 0.455E-37 0.455E-37 0.455E-37 0.455E-37 0.455E-37 0.455E-37 0.165E+00 0.193E-06 0.473E-02 0.455E-37 0.139E-02 0.320E-19 0.455E-37 0.105E-04 0.455E-37 0.455E-37 0.455E-37 0.455E-37 0.455E-37 0.455E-37 0.455E-37
 22  0.14125E-02  153.08 0.455E-37 0.829E+00 0.455E-37 0.455E-37 0.455E-37 0.455E-37 0.455E-37 0.455E-37 0.165E+00 0.890E-07 0.473E-02 0.455E-37 0.139E-02 0.784E-20 0.455E-37 0.505E-05 0.455E-37 0.455E-37 0.455E-37 0.455E-37 0.455E-37 0.455E-37 0.455E-37
 23  0.19953E-02  151.34 0.455E-37 0.829E+00 0.455E-37 0.455E-37 0.455E-37 0.455E-37 0.455E-37 0.455E-37 0.165E+00 0.396E-07 0.473E-02 0.455E-37 0.139E-02 0.182E-20 0.455E-37 0.236E-05 0.455E-37 0.455E-37 0.455E-37 0.455E-37 0.455E-37 0.455E-37 0.455E-37
 24  0.28184E-02  149.62 0.455E-37 0.829E+00 0.455E-37 0.455E-37 0.455E-37 0.455E-37 0.455E-37 0.455E-37 0.165E+00 0.176E-07 0.473E-02 0.455E-37 0.139E-02 0.418E-21 0.455E-37 0.110E-05 0.455E-37 0.455E-37 0.455E-37 0.455E-37 0.455E-37 0.455E-37 0.455E-37
 25  0.39811E-02  148.51 0.455E-37 0.829E+00 0.455E-37 0.455E-37 0.455E-37 0.455E-37 0.455E-37 0.455E-37 0.165E+00 0.914E-08 0.473E-02 0.455E-37 0.139E-02 0.125E-21 0.455E-37 0.587E-06 0.455E-37 0.455E-37 0.455E-37 0.455E-37 0.455E-37 0.455E-37 0.455E-37
 26  0.56234E-02  148.37 0.455E-37 0.829E+00 0.455E-37 0.455E-37 0.455E-37 0.455E-37 0.455E-37 0.455E-37 0.165E+00 0.622E-08 0.473E-02 0.455E-37 0.139E-02 0.589E-22 0.455E-37 0.401E-06 0.455E-37 0.455E-37 0.455E-37 0.455E-37 0.455E-37 0.455E-37 0.455E-37
 27  0.79433E-02  149.17 0.455E-37 0.829E+00 0.455E-37 0.455E-37 0.455E-37 0.455E-37 0.455E-37 0.455E-37 0.165E+00 0.550E-08 0.473E-02 0.455E-37 0.139E-02 0.427E-22 0.455E-37 0.347E-06 0.455E-37 0.455E-37 0.455E-37 0.455E-37 0.455E-37 0.455E-37 0.455E-37
 28  0.11220E-01  150.53 0.455E-37 0.829E+00 0.455E-37 0.455E-37 0.455E-37 0.455E-37 0.455E-37 0.455E-37 0.165E+00 0.566E-08 0.473E-02 0.455E-37 0.139E-02 0.398E-22 0.455E-37 0.344E-06 0.455E-37 0.455E-37 0.455E-37 0.455E-37 0.455E-37 0.455E-37 0.455E-37
 29  0.15849E-01  151.40 0.455E-37 0.829E+00 0.455E-37 0.455E-37 0.455E-37 0.455E-37 0.455E-37 0.455E-37 0.165E+00 0.507E-08 0.473E-02 0.455E-37 0.139E-02 0.295E-22 0.455E-37 0.301E-06 0.455E-37 0.455E-37 0.455E-37 0.455E-37 0.455E-37 0.455E-37 0.455E-37
 30  0.22387E-01  151.17 0.455E-37 0.829E+00 0.455E-37 0.455E-37 0.455E-37 0.455E-37 0.455E-37 0.455E-37 0.165E+00 0.337E-08 0.473E-02 0.455E-37 0.139E-02 0.134E-22 0.455E-37 0.201E-06 0.455E-37 0.455E-37 0.455E-37 0.455E-37 0.455E-37 0.455E-37 0.455E-37
 31  0.31623E-01  150.73 0.455E-37 0.829E+00 0.455E-37 0.455E-37 0.455E-37 0.455E-37 0.455E-37 0.455E-37 0.165E+00 0.212E-08 0.473E-02 0.455E-37 0.139E-02 0.550E-23 0.455E-37 0.128E-06 0.455E-37 0.455E-37 0.455E-37 0.455E-37 0.455E-37 0.455E-37 0.455E-37
 32  0.44668E-01  151.10 0.455E-37 0.829E+00 0.455E-37 0.455E-37 0.455E-37 0.455E-37 0.455E-37 0.455E-37 0.165E+00 0.166E-08 0.473E-02 0.455E-37 0.139E-02 0.325E-23 0.455E-37 0.992E-07 0.455E-37 0.455E-37 0.455E-37 0.455E-37 0.455E-37 0.455E-37 0.455E-37
 33  0.63096E-01  152.58 0.455E-37 0.829E+00 0.455E-37 0.455E-37 0.455E-37 0.455E-37 0.455E-37 0.455E-37 0.165E+00 0.175E-08 0.473E-02 0.455E-37 0.139E-02 0.316E-23 0.455E-37 0.100E-06 0.455E-37 0.455E-37 0.455E-37 0.455E-37 0.455E-37 0.455E-37 0.455E-37
 34  0.89125E-01  155.24 0.455E-37 0.829E+00 0.455E-37 0.455E-37 0.455E-37 0.455E-37 0.455E-37 0.455E-37 0.165E+00 0.248E-08 0.473E-02 0.455E-37 0.139E-02 0.504E-23 0.455E-37 0.133E-06 0.455E-37 0.455E-37 0.455E-37 0.455E-37 0.455E-37 0.455E-37 0.455E-37
 35  0.12589E+00  158.95 0.455E-37 0.829E+00 0.455E-37 0.455E-37 0.455E-37 0.455E-37 0.455E-37 0.455E-37 0.165E+00 0.443E-08 0.473E-02 0.455E-37 0.137E-02 0.111E-22 0.455E-37 0.216E-06 0.455E-37 0.455E-37 0.455E-37 0.455E-37 0.455E-37 0.455E-37 0.455E-37
 36  0.17783E+00  164.55 0.455E-37 0.829E+00 0.455E-37 0.455E-37 0.455E-37 0.455E-37 0.455E-37 0.455E-37 0.165E+00 0.118E-07 0.473E-02 0.455E-37 0.139E-02 0.542E-22 0.455E-37 0.503E-06 0.455E-37 0.455E-37 0.455E-37 0.455E-37 0.455E-37 0.455E-37 0.455E-37
 37  0.25119E+00  173.25 0.455E-37 0.829E+00 0.455E-37 0.455E-37 0.455E-37 0.455E-37 0.455E-37 0.455E-37 0.165E+00 0.548E-07 0.473E-02 0.455E-37 0.139E-02 0.640E-21 0.455E-37 0.194E-05 0.455E-37 0.455E-37 0.455E-37 0.455E-37 0.455E-37 0.455E-37 0.455E-37
 38  0.35481E+00  191.66 0.455E-37 0.829E+00 0.455E-37 0.455E-37 0.455E-37 0.455E-37 0.455E-37 0.455E-37 0.165E+00 0.119E-05 0.473E-02 0.455E-37 0.139E-02 0.104E-18 0.455E-37 0.298E-04 0.455E-37 0.455E-37 0.455E-37 0.455E-37 0.455E-37 0.455E-37 0.455E-37
 39  0.50119E+00  213.85 0.455E-37 0.829E+00 0.455E-37 0.455E-37 0.455E-37 0.455E-37 0.455E-37 0.455E-37 0.165E+00 0.238E-04 0.473E-02 0.455E-37 0.139E-02 0.156E-16 0.455E-37 0.217E-03 0.455E-37 0.455E-37 0.455E-37 0.455E-37 0.455E-37 0.455E-37 0.455E-37
 40  0.70795E+00  238.23 0.455E-37 0.828E+00 0.455E-37 0.455E-37 0.455E-37 0.455E-37 0.455E-37 0.257E-35 0.165E+00 0.323E-03 0.473E-02 0.455E-37 0.139E-02 0.129E-14 0.455E-37 0.258E-03 0.455E-37 0.455E-37 0.455E-37 0.455E-37 0.455E-37 0.455E-37 0.455E-37
 41  0.10000E+01  265.01 0.453E-37 0.826E+00 0.453E-37 0.453E-37 0.453E-37 0.453E-37 0.453E-37 0.415E-30 0.164E+00 0.313E-02 0.471E-02 0.132E-33 0.139E-02 0.627E-13 0.251E-36 0.257E-03 0.453E-37 0.453E-37 0.453E-37 0.453E-37 0.453E-37 0.453E-37 0.453E-37
 42  0.14125E+01  294.44 0.451E-37 0.822E+00 0.616E-36 0.451E-37 0.451E-37 0.451E-37 0.451E-37 0.240E-26 0.164E+00 0.789E-02 0.468E-02 0.194E-29 0.138E-02 0.193E-11 0.269E-32 0.256E-03 0.451E-37 0.451E-37 0.451E-37 0.451E-37 0.451E-37 0.451E-37 0.451E-37
 43  0.19953E+01  326.87 0.450E-37 0.822E+00 0.356E-32 0.450E-37 0.450E-37 0.450E-37 0.450E-37 0.106E-23 0.163E+00 0.823E-02 0.468E-02 0.434E-26 0.138E-02 0.407E-10 0.110E-28 0.255E-03 0.450E-37 0.450E-37 0.450E-37 0.450E-37 0.450E-37 0.450E-37 0.450E-37
 44  0.28184E+01  362.64 0.450E-37 0.822E+00 0.827E-29 0.450E-37 0.450E-37 0.450E-37 0.450E-37 0.216E-21 0.163E+00 0.823E-02 0.468E-02 0.390E-23 0.138E-02 0.617E-09 0.166E-25 0.255E-03 0.450E-37 0.450E-37 0.450E-37 0.450E-37 0.450E-37 0.450E-37 0.450E-37
 45  0.39811E+01  402.17 0.451E-37 0.822E+00 0.864E-26 0.451E-37 0.451E-37 0.451E-37 0.451E-37 0.229E-19 0.163E+00 0.823E-02 0.468E-02 0.158E-20 0.138E-02 0.692E-08 0.117E-22 0.255E-03 0.451E-37 0.157E-27 0.451E-37 0.509E-37 0.480E-37 0.451E-37 0.451E-37
 46  0.56234E+01  445.90 0.451E-37 0.822E+00 0.445E-23 0.451E-37 0.451E-37 0.451E-37 0.451E-37 0.173E-17 0.163E+00 0.823E-02 0.468E-02 0.391E-18 0.138E-02 0.598E-07 0.421E-20 0.255E-03 0.451E-37 0.386E-24 0.382E-35 0.266E-34 0.130E-34 0.451E-37 0.451E-37
 47  0.79433E+01  494.33 0.451E-37 0.822E+00 0.122E-20 0.451E-37 0.451E-37 0.451E-37 0.451E-37 0.839E-16 0.163E+00 0.823E-02 0.468E-02 0.548E-16 0.138E-02 0.407E-06 0.825E-18 0.255E-03 0.293E-36 0.414E-21 0.156E-30 0.106E-29 0.521E-30 0.451E-37 0.451E-37
 48  0.10000E+02  529.47 0.235E-35 0.822E+00 0.377E-19 0.451E-37 0.451E-37 0.451E-37 0.451E-37 0.903E-15 0.163E+00 0.823E-02 0.468E-02 0.112E-14 0.137E-02 0.129E-05 0.204E-16 0.255E-03 0.101E-33 0.284E-19 0.115E-27 0.671E-27 0.342E-27 0.354E-36 0.101E-35
 49  0.15849E+02  607.35 0.463E-31 0.822E+00 0.180E-16 0.451E-37 0.451E-37 0.451E-37 0.451E-37 0.627E-13 0.163E+00 0.823E-02 0.468E-02 0.243E-12 0.133E-02 0.935E-05 0.660E-14 0.255E-03 0.112E-28 0.546E-16 0.167E-22 0.740E-22 0.313E-22 0.653E-33 0.680E-32
 50  0.22387E+02  673.05 0.215E-27 0.822E+00 0.107E-14 0.451E-37 0.705E-36 0.195E-36 0.451E-37 0.102E-11 0.163E+00 0.823E-02 0.468E-02 0.834E-11 0.125E-02 0.310E-04 0.302E-12 0.255E-03 0.238E-25 0.775E-14 0.473E-19 0.175E-18 0.235E-19 0.309E-29 0.263E-28
 51  0.31623E+02  745.70 0.243E-24 0.822E+00 0.417E-13 0.451E-37 0.197E-32 0.473E-34 0.154E-36 0.123E-10 0.163E+00 0.823E-02 0.467E-02 0.193E-09 0.116E-02 0.841E-04 0.932E-11 0.255E-03 0.225E-22 0.634E-12 0.704E-16 0.132E-15 0.163E-17 0.611E-26 0.432E-25
 52  0.44668E+02  825.87 0.226E-21 0.823E+00 0.112E-11 0.451E-37 0.172E-28 0.588E-30 0.558E-34 0.111E-09 0.163E+00 0.822E-02 0.467E-02 0.313E-08 0.945E-03 0.149E-03 0.202E-09 0.255E-03 0.102E-19 0.315E-10 0.601E-13 0.158E-13 0.881E-16 0.547E-23 0.328E-22
 53  0.63096E+02  914.19 0.119E-18 0.823E+00 0.212E-10 0.451E-37 0.680E-25 0.263E-26 0.799E-30 0.774E-09 0.163E+00 0.822E-02 0.467E-02 0.363E-07 0.784E-03 0.236E-03 0.321E-08 0.255E-03 0.234E-17 0.996E-09 0.256E-10 0.506E-12 0.346E-14 0.238E-20 0.123E-19
 54  0.89125E+02 1011.19 0.389E-16 0.823E+00 0.293E-09 0.451E-37 0.134E-21 0.465E-23 0.399E-26 0.423E-08 0.163E+00 0.822E-02 0.467E-02 0.309E-06 0.663E-03 0.337E-03 0.382E-07 0.255E-03 0.289E-15 0.209E-07 0.431E-08 0.109E-10 0.896E-13 0.535E-18 0.212E-17
 55  0.12589E+03 1117.40 0.244E-14 0.823E+00 0.306E-08 0.451E-37 0.426E-19 0.354E-20 0.766E-23 0.184E-07 0.163E+00 0.822E-02 0.467E-02 0.197E-05 0.536E-03 0.387E-03 0.347E-06 0.255E-03 0.201E-13 0.300E-06 0.692E-07 0.116E-09 0.117E-11 0.649E-16 0.906E-16
 56  0.17783E+03 1233.31 0.560E-13 0.823E+00 0.246E-07 0.451E-37 0.415E-17 0.126E-17 0.622E-20 0.641E-07 0.163E+00 0.820E-02 0.465E-02 0.965E-05 0.452E-03 0.426E-03 0.212E-05 0.258E-03 0.832E-12 0.301E-05 0.308E-06 0.559E-09 0.725E-11 0.455E-14 0.964E-14
 57  0.25119E+03 1359.29 0.697E-12 0.823E+00 0.157E-06 0.451E-37 0.189E-15 0.225E-15 0.232E-17 0.181E-06 0.163E+00 0.815E-02 0.460E-02 0.367E-04 0.404E-03 0.470E-03 0.485E-05 0.268E-03 0.220E-10 0.177E-04 0.698E-06 0.135E-08 0.233E-10 0.197E-12 0.518E-12
 58  0.35481E+03 1495.80 0.540E-11 0.823E+00 0.807E-06 0.451E-37 0.466E-14 0.216E-13 0.427E-15 0.449E-06 0.163E+00 0.820E-02 0.466E-02 0.116E-03 0.378E-03 0.512E-03 0.497E-05 0.274E-03 0.389E-09 0.304E-04 0.971E-06 0.189E-08 0.399E-10 0.557E-11 0.160E-10
 59  0.50119E+03 1643.32 0.310E-10 0.823E+00 0.345E-05 0.116E-36 0.755E-13 0.118E-11 0.411E-13 0.112E-05 0.163E+00 0.853E-02 0.525E-02 0.344E-03 0.366E-03 0.543E-03 0.474E-05 0.274E-03 0.481E-08 0.310E-04 0.115E-05 0.222E-08 0.544E-10 0.107E-09 0.309E-09
 60  0.70795E+03 1802.30 0.147E-09 0.823E+00 0.125E-04 0.518E-34 0.909E-12 0.407E-10 0.235E-11 0.258E-05 0.163E+00 0.856E-02 0.681E-02 0.949E-03 0.368E-03 0.567E-03 0.452E-05 0.273E-03 0.432E-07 0.317E-04 0.136E-05 0.260E-08 0.743E-10 0.147E-08 0.408E-08
 61  0.10000E+04 1973.24 0.591E-09 0.825E+00 0.389E-04 0.705E-31 0.841E-11 0.994E-09 0.900E-10 0.371E-05 0.163E+00 0.721E-02 0.904E-02 0.190E-02 0.383E-03 0.581E-03 0.428E-05 0.274E-03 0.270E-06 0.324E-04 0.158E-05 0.304E-08 0.103E-09 0.137E-07 0.500E-07
