   25.000000000000000     
  1  0.10000E-05  288.14 0.451E-37 0.823E+00 0.105E-33 0.451E-37 0.451E-37 0.451E-37 0.451E-37 0.107E-14 0.163E+00 0.783E-02 0.468E-02 0.606E-18 0.275E-04 0.675E-03 0.451E-37 0.255E-03 0.451E-37 0.451E-37 0.451E-37 0.451E-37 0.451E-37 0.451E-37 0.451E-37
  2  0.14100E-05  280.90 0.451E-37 0.823E+00 0.845E-35 0.451E-37 0.451E-37 0.451E-37 0.451E-37 0.924E-16 0.163E+00 0.790E-02 0.468E-02 0.333E-19 0.624E-04 0.653E-03 0.451E-37 0.255E-03 0.451E-37 0.451E-37 0.451E-37 0.451E-37 0.451E-37 0.451E-37 0.451E-37
  3  0.20000E-05  274.90 0.451E-37 0.823E+00 0.926E-36 0.451E-37 0.451E-37 0.451E-37 0.451E-37 0.101E-16 0.163E+00 0.802E-02 0.468E-02 0.245E-20 0.131E-03 0.615E-03 0.451E-37 0.255E-03 0.451E-37 0.451E-37 0.451E-37 0.451E-37 0.451E-37 0.451E-37 0.451E-37
  4  0.28200E-05  269.96 0.451E-37 0.823E+00 0.138E-36 0.451E-37 0.451E-37 0.451E-37 0.451E-37 0.140E-17 0.163E+00 0.815E-02 0.468E-02 0.240E-21 0.254E-03 0.560E-03 0.451E-37 0.255E-03 0.451E-37 0.451E-37 0.451E-37 0.451E-37 0.451E-37 0.451E-37 0.451E-37
  5  0.39800E-05  266.41 0.451E-37 0.822E+00 0.835E-37 0.451E-37 0.451E-37 0.451E-37 0.451E-37 0.267E-18 0.163E+00 0.820E-02 0.468E-02 0.356E-22 0.414E-03 0.437E-03 0.451E-37 0.256E-03 0.451E-37 0.451E-37 0.451E-37 0.451E-37 0.451E-37 0.451E-37 0.451E-37
  6  0.56200E-05  264.95 0.451E-37 0.822E+00 0.667E-37 0.451E-37 0.451E-37 0.451E-37 0.451E-37 0.892E-19 0.163E+00 0.822E-02 0.468E-02 0.107E-22 0.573E-03 0.336E-03 0.451E-37 0.256E-03 0.451E-37 0.451E-37 0.451E-37 0.451E-37 0.451E-37 0.451E-37 0.451E-37
  7  0.79400E-05  265.48 0.451E-37 0.822E+00 0.631E-37 0.451E-37 0.451E-37 0.451E-37 0.451E-37 0.520E-19 0.164E+00 0.823E-02 0.468E-02 0.648E-23 0.712E-03 0.282E-03 0.451E-37 0.256E-03 0.451E-37 0.451E-37 0.451E-37 0.451E-37 0.451E-37 0.451E-37 0.451E-37
  8  0.11220E-04  267.30 0.451E-37 0.822E+00 0.622E-37 0.451E-37 0.451E-37 0.451E-37 0.451E-37 0.435E-19 0.164E+00 0.824E-02 0.468E-02 0.615E-23 0.816E-03 0.245E-03 0.451E-37 0.256E-03 0.451E-37 0.451E-37 0.451E-37 0.451E-37 0.451E-37 0.451E-37 0.451E-37
  9  0.15850E-04  269.34 0.451E-37 0.822E+00 0.588E-37 0.451E-37 0.451E-37 0.451E-37 0.451E-37 0.383E-19 0.164E+00 0.824E-02 0.468E-02 0.622E-23 0.884E-03 0.196E-03 0.451E-37 0.256E-03 0.451E-37 0.451E-37 0.451E-37 0.451E-37 0.451E-37 0.451E-37 0.451E-37
 10  0.22390E-04  271.04 0.451E-37 0.822E+00 0.737E-37 0.451E-37 0.451E-37 0.451E-37 0.451E-37 0.305E-19 0.164E+00 0.824E-02 0.469E-02 0.556E-23 0.987E-03 0.158E-03 0.451E-37 0.256E-03 0.451E-37 0.451E-37 0.451E-37 0.451E-37 0.451E-37 0.451E-37 0.451E-37
 11  0.31620E-04  272.37 0.451E-37 0.822E+00 0.101E-36 0.451E-37 0.451E-37 0.451E-37 0.451E-37 0.220E-19 0.164E+00 0.825E-02 0.469E-02 0.437E-23 0.111E-02 0.123E-03 0.451E-37 0.256E-03 0.451E-37 0.451E-37 0.451E-37 0.451E-37 0.451E-37 0.451E-37 0.451E-37
 12  0.44670E-04  273.39 0.451E-37 0.822E+00 0.126E-36 0.451E-37 0.451E-37 0.451E-37 0.451E-37 0.144E-19 0.164E+00 0.825E-02 0.469E-02 0.307E-23 0.116E-02 0.771E-04 0.451E-37 0.256E-03 0.451E-37 0.451E-37 0.451E-37 0.451E-37 0.451E-37 0.451E-37 0.451E-37
 13  0.63100E-04  274.04 0.451E-37 0.822E+00 0.133E-36 0.451E-37 0.451E-37 0.451E-37 0.451E-37 0.862E-20 0.164E+00 0.825E-02 0.469E-02 0.192E-23 0.122E-02 0.474E-04 0.451E-37 0.256E-03 0.451E-37 0.451E-37 0.451E-37 0.451E-37 0.451E-37 0.451E-37 0.451E-37
 14  0.89120E-04  274.22 0.451E-37 0.822E+00 0.120E-36 0.451E-37 0.451E-37 0.451E-37 0.451E-37 0.454E-20 0.164E+00 0.825E-02 0.469E-02 0.102E-23 0.130E-02 0.278E-04 0.451E-37 0.256E-03 0.451E-37 0.451E-37 0.451E-37 0.451E-37 0.451E-37 0.451E-37 0.451E-37
 15  0.12589E-03  273.68 0.451E-37 0.822E+00 0.935E-37 0.451E-37 0.451E-37 0.451E-37 0.451E-37 0.197E-20 0.164E+00 0.825E-02 0.469E-02 0.428E-24 0.135E-02 0.137E-04 0.451E-37 0.256E-03 0.451E-37 0.451E-37 0.451E-37 0.451E-37 0.451E-37 0.451E-37 0.451E-37
 16  0.17783E-03  272.39 0.451E-37 0.822E+00 0.667E-37 0.451E-37 0.451E-37 0.451E-37 0.451E-37 0.699E-21 0.164E+00 0.825E-02 0.469E-02 0.139E-24 0.136E-02 0.582E-05 0.451E-37 0.256E-03 0.451E-37 0.451E-37 0.451E-37 0.451E-37 0.451E-37 0.451E-37 0.451E-37
 17  0.25119E-03  270.28 0.451E-37 0.822E+00 0.468E-37 0.451E-37 0.451E-37 0.451E-37 0.451E-37 0.198E-21 0.164E+00 0.825E-02 0.469E-02 0.342E-25 0.137E-02 0.217E-05 0.451E-37 0.256E-03 0.451E-37 0.451E-37 0.451E-37 0.451E-37 0.451E-37 0.451E-37 0.451E-37
 18  0.35481E-03  267.07 0.451E-37 0.822E+00 0.451E-37 0.451E-37 0.451E-37 0.451E-37 0.451E-37 0.410E-22 0.164E+00 0.825E-02 0.469E-02 0.568E-26 0.138E-02 0.677E-06 0.451E-37 0.256E-03 0.451E-37 0.451E-37 0.451E-37 0.451E-37 0.451E-37 0.451E-37 0.451E-37
 19  0.50119E-03  263.20 0.451E-37 0.822E+00 0.451E-37 0.451E-37 0.451E-37 0.451E-37 0.451E-37 0.687E-23 0.164E+00 0.825E-02 0.469E-02 0.727E-27 0.138E-02 0.187E-06 0.451E-37 0.256E-03 0.451E-37 0.451E-37 0.451E-37 0.451E-37 0.451E-37 0.451E-37 0.451E-37
 20  0.70795E-03  259.32 0.451E-37 0.822E+00 0.451E-37 0.451E-37 0.451E-37 0.451E-37 0.451E-37 0.111E-23 0.164E+00 0.825E-02 0.469E-02 0.888E-28 0.138E-02 0.506E-07 0.451E-37 0.256E-03 0.451E-37 0.451E-37 0.451E-37 0.451E-37 0.451E-37 0.451E-37 0.451E-37
 21  0.10000E-02  255.87 0.451E-37 0.822E+00 0.451E-37 0.451E-37 0.451E-37 0.451E-37 0.451E-37 0.198E-24 0.164E+00 0.825E-02 0.469E-02 0.122E-28 0.138E-02 0.144E-07 0.451E-37 0.256E-03 0.451E-37 0.451E-37 0.451E-37 0.451E-37 0.451E-37 0.451E-37 0.451E-37
 22  0.14125E-02  253.16 0.451E-37 0.822E+00 0.451E-37 0.451E-37 0.451E-37 0.451E-37 0.451E-37 0.432E-25 0.164E+00 0.825E-02 0.469E-02 0.217E-29 0.138E-02 0.461E-08 0.451E-37 0.256E-03 0.451E-37 0.451E-37 0.451E-37 0.451E-37 0.451E-37 0.451E-37 0.451E-37
 23  0.19953E-02  251.12 0.451E-37 0.822E+00 0.451E-37 0.451E-37 0.451E-37 0.451E-37 0.451E-37 0.114E-25 0.164E+00 0.825E-02 0.469E-02 0.490E-30 0.138E-02 0.163E-08 0.451E-37 0.256E-03 0.451E-37 0.451E-37 0.451E-37 0.451E-37 0.451E-37 0.451E-37 0.451E-37
 24  0.28184E-02  249.71 0.451E-37 0.822E+00 0.451E-37 0.451E-37 0.451E-37 0.451E-37 0.451E-37 0.365E-26 0.164E+00 0.825E-02 0.469E-02 0.140E-30 0.138E-02 0.640E-09 0.451E-37 0.256E-03 0.451E-37 0.451E-37 0.451E-37 0.451E-37 0.451E-37 0.451E-37 0.451E-37
 25  0.39811E-02  249.44 0.451E-37 0.822E+00 0.451E-37 0.451E-37 0.451E-37 0.451E-37 0.451E-37 0.168E-26 0.164E+00 0.825E-02 0.469E-02 0.633E-31 0.138E-02 0.307E-09 0.451E-37 0.256E-03 0.451E-37 0.451E-37 0.451E-37 0.451E-37 0.451E-37 0.451E-37 0.451E-37
 26  0.56234E-02  250.63 0.451E-37 0.822E+00 0.451E-37 0.451E-37 0.451E-37 0.451E-37 0.451E-37 0.123E-26 0.164E+00 0.825E-02 0.469E-02 0.509E-31 0.138E-02 0.189E-09 0.451E-37 0.256E-03 0.451E-37 0.451E-37 0.451E-37 0.451E-37 0.451E-37 0.451E-37 0.451E-37
 27  0.79433E-02  253.08 0.451E-37 0.822E+00 0.451E-37 0.451E-37 0.451E-37 0.451E-37 0.451E-37 0.133E-26 0.164E+00 0.825E-02 0.469E-02 0.667E-31 0.138E-02 0.144E-09 0.451E-37 0.256E-03 0.451E-37 0.451E-37 0.451E-37 0.451E-37 0.451E-37 0.451E-37 0.451E-37
 28  0.11220E-01  256.85 0.451E-37 0.822E+00 0.451E-37 0.451E-37 0.451E-37 0.451E-37 0.451E-37 0.212E-26 0.164E+00 0.825E-02 0.469E-02 0.141E-30 0.138E-02 0.135E-09 0.451E-37 0.256E-03 0.451E-37 0.451E-37 0.451E-37 0.451E-37 0.451E-37 0.451E-37 0.451E-37
 29  0.15849E-01  262.00 0.451E-37 0.822E+00 0.451E-37 0.451E-37 0.451E-37 0.451E-37 0.451E-37 0.486E-26 0.164E+00 0.825E-02 0.469E-02 0.472E-30 0.138E-02 0.155E-09 0.480E-37 0.256E-03 0.451E-37 0.451E-37 0.451E-37 0.451E-37 0.451E-37 0.451E-37 0.451E-37
 30  0.22387E-01  268.61 0.451E-37 0.822E+00 0.451E-37 0.451E-37 0.451E-37 0.451E-37 0.451E-37 0.158E-25 0.164E+00 0.825E-02 0.469E-02 0.244E-29 0.138E-02 0.215E-09 0.717E-37 0.256E-03 0.451E-37 0.451E-37 0.451E-37 0.451E-37 0.451E-37 0.451E-37 0.451E-37
 31  0.31623E-01  277.32 0.451E-37 0.822E+00 0.451E-37 0.451E-37 0.451E-37 0.451E-37 0.451E-37 0.811E-25 0.164E+00 0.825E-02 0.469E-02 0.223E-28 0.138E-02 0.387E-09 0.989E-36 0.256E-03 0.451E-37 0.451E-37 0.451E-37 0.451E-37 0.451E-37 0.451E-37 0.451E-37
 32  0.44668E-01  289.42 0.451E-37 0.822E+00 0.750E-36 0.451E-37 0.451E-37 0.451E-37 0.451E-37 0.817E-24 0.164E+00 0.825E-02 0.469E-02 0.472E-27 0.138E-02 0.101E-08 0.454E-34 0.256E-03 0.451E-37 0.451E-37 0.451E-37 0.451E-37 0.451E-37 0.451E-37 0.451E-37
 33  0.63096E-01  306.64 0.450E-37 0.822E+00 0.101E-33 0.450E-37 0.450E-37 0.450E-37 0.450E-37 0.191E-22 0.163E+00 0.823E-02 0.468E-02 0.289E-25 0.138E-02 0.429E-08 0.715E-32 0.255E-03 0.450E-37 0.450E-37 0.450E-37 0.450E-37 0.450E-37 0.450E-37 0.450E-37
 34  0.89125E-01  334.99 0.450E-37 0.822E+00 0.118E-30 0.450E-37 0.450E-37 0.450E-37 0.450E-37 0.233E-20 0.163E+00 0.823E-02 0.468E-02 0.137E-22 0.138E-02 0.468E-07 0.609E-29 0.255E-03 0.450E-37 0.450E-37 0.450E-37 0.450E-37 0.450E-37 0.450E-37 0.450E-37
 35  0.12589E+00  371.61 0.450E-37 0.822E+00 0.225E-27 0.450E-37 0.450E-37 0.450E-37 0.450E-37 0.407E-18 0.163E+00 0.823E-02 0.468E-02 0.102E-19 0.138E-02 0.657E-06 0.763E-26 0.255E-03 0.450E-37 0.450E-37 0.450E-37 0.450E-37 0.450E-37 0.450E-37 0.450E-37
 36  0.17783E+00  412.09 0.451E-37 0.822E+00 0.198E-24 0.451E-37 0.451E-37 0.451E-37 0.451E-37 0.391E-16 0.163E+00 0.823E-02 0.468E-02 0.363E-17 0.135E-02 0.666E-05 0.455E-23 0.255E-03 0.451E-37 0.260E-25 0.281E-36 0.884E-36 0.588E-36 0.451E-37 0.451E-37
 37  0.25119E+00  456.90 0.451E-37 0.822E+00 0.872E-22 0.451E-37 0.451E-37 0.451E-37 0.451E-37 0.265E-14 0.163E+00 0.823E-02 0.468E-02 0.779E-15 0.124E-02 0.457E-04 0.141E-20 0.255E-03 0.534E-37 0.523E-22 0.524E-32 0.432E-31 0.201E-31 0.451E-37 0.451E-37
 38  0.35481E+00  506.50 0.187E-36 0.823E+00 0.209E-19 0.451E-37 0.451E-37 0.451E-37 0.451E-37 0.117E-12 0.163E+00 0.822E-02 0.467E-02 0.963E-13 0.934E-03 0.168E-03 0.241E-18 0.255E-03 0.397E-34 0.466E-19 0.211E-27 0.136E-26 0.676E-27 0.854E-37 0.109E-36
 39  0.50119E+00  561.44 0.524E-32 0.823E+00 0.288E-17 0.451E-37 0.451E-37 0.451E-37 0.451E-37 0.349E-11 0.163E+00 0.822E-02 0.467E-02 0.721E-11 0.558E-03 0.314E-03 0.245E-16 0.255E-03 0.432E-30 0.201E-16 0.303E-23 0.157E-22 0.825E-23 0.913E-35 0.719E-34
 40  0.70795E+00  622.26 0.287E-28 0.823E+00 0.242E-15 0.451E-37 0.544E-37 0.451E-37 0.451E-37 0.731E-10 0.163E+00 0.822E-02 0.467E-02 0.342E-09 0.329E-03 0.468E-03 0.155E-14 0.255E-03 0.180E-26 0.450E-14 0.208E-19 0.884E-19 0.453E-20 0.258E-31 0.255E-30
 41  0.10000E+01  689.56 0.839E-25 0.823E+00 0.129E-13 0.451E-37 0.227E-34 0.294E-35 0.451E-37 0.111E-08 0.163E+00 0.822E-02 0.467E-02 0.106E-07 0.193E-03 0.579E-03 0.643E-13 0.255E-03 0.313E-23 0.558E-12 0.740E-16 0.862E-16 0.744E-18 0.985E-28 0.801E-27
 42  0.14125E+01  763.92 0.165E-21 0.823E+00 0.461E-12 0.451E-37 0.471E-30 0.117E-31 0.233E-35 0.124E-07 0.163E+00 0.822E-02 0.467E-02 0.226E-06 0.115E-03 0.617E-03 0.182E-11 0.255E-03 0.247E-20 0.404E-10 0.141E-12 0.144E-13 0.675E-16 0.161E-24 0.109E-23
 43  0.19953E+01  845.98 0.194E-18 0.823E+00 0.114E-10 0.451E-37 0.491E-26 0.114E-27 0.144E-31 0.105E-06 0.163E+00 0.820E-02 0.465E-02 0.336E-05 0.729E-04 0.643E-03 0.367E-10 0.255E-03 0.945E-18 0.180E-08 0.979E-10 0.717E-12 0.420E-14 0.121E-21 0.697E-21
 44  0.28184E+01  936.29 0.773E-16 0.823E+00 0.200E-09 0.451E-37 0.139E-22 0.407E-24 0.160E-27 0.660E-06 0.163E+00 0.811E-02 0.456E-02 0.350E-04 0.495E-04 0.661E-03 0.552E-09 0.255E-03 0.187E-15 0.514E-07 0.131E-07 0.211E-10 0.153E-12 0.447E-19 0.224E-18
 45  0.39811E+01  993.92 0.963E-15 0.823E+00 0.877E-09 0.451E-37 0.540E-21 0.293E-22 0.213E-25 0.133E-05 0.163E+00 0.807E-02 0.452E-02 0.922E-04 0.465E-04 0.661E-03 0.267E-08 0.255E-03 0.279E-14 0.269E-06 0.644E-07 0.106E-09 0.869E-12 0.102E-17 0.474E-17
 46  0.56234E+01 1041.75 0.477E-14 0.824E+00 0.254E-08 0.451E-37 0.648E-20 0.654E-21 0.757E-24 0.168E-05 0.163E+00 0.780E-02 0.424E-02 0.146E-03 0.482E-04 0.658E-03 0.962E-08 0.256E-03 0.189E-13 0.838E-06 0.149E-06 0.250E-09 0.238E-11 0.990E-17 0.261E-16
 47  0.79433E+01 1083.51 0.160E-13 0.824E+00 0.575E-08 0.451E-37 0.457E-19 0.721E-20 0.120E-22 0.200E-05 0.163E+00 0.782E-02 0.427E-02 0.201E-03 0.533E-04 0.658E-03 0.269E-07 0.256E-03 0.815E-13 0.194E-05 0.279E-06 0.482E-09 0.504E-11 0.590E-16 0.925E-16
 48  0.10000E+02 1110.49 0.319E-13 0.824E+00 0.935E-08 0.451E-37 0.144E-18 0.301E-19 0.623E-22 0.220E-05 0.163E+00 0.790E-02 0.435E-02 0.241E-03 0.578E-04 0.659E-03 0.502E-07 0.257E-03 0.193E-12 0.315E-05 0.385E-06 0.675E-09 0.758E-11 0.172E-15 0.233E-15
 49  0.15849E+02 1170.15 0.117E-12 0.824E+00 0.255E-07 0.451E-37 0.134E-17 0.577E-18 0.189E-20 0.222E-05 0.163E+00 0.764E-02 0.409E-02 0.302E-03 0.668E-04 0.648E-03 0.191E-06 0.262E-03 0.113E-11 0.847E-05 0.607E-06 0.111E-08 0.154E-10 0.153E-14 0.266E-14
 50  0.22387E+02 1228.18 0.372E-12 0.824E+00 0.634E-07 0.451E-37 0.932E-17 0.815E-17 0.399E-19 0.260E-05 0.163E+00 0.748E-02 0.390E-02 0.424E-03 0.719E-04 0.647E-03 0.572E-06 0.265E-03 0.562E-11 0.160E-04 0.851E-06 0.160E-08 0.256E-10 0.108E-13 0.225E-13
 51  0.31623E+02 1299.18 0.130E-11 0.824E+00 0.176E-06 0.451E-37 0.753E-16 0.154E-15 0.116E-17 0.363E-05 0.163E+00 0.744E-02 0.390E-02 0.708E-03 0.753E-04 0.648E-03 0.174E-05 0.273E-03 0.340E-10 0.316E-04 0.112E-05 0.215E-08 0.413E-10 0.934E-13 0.229E-12
 52  0.44668E+02 1381.90 0.440E-11 0.825E+00 0.514E-06 0.451E-37 0.602E-15 0.334E-14 0.405E-16 0.376E-05 0.163E+00 0.684E-02 0.326E-02 0.950E-03 0.775E-04 0.640E-03 0.386E-05 0.272E-03 0.220E-09 0.318E-04 0.123E-05 0.234E-08 0.505E-10 0.879E-12 0.237E-11
 53  0.63096E+02 1474.64 0.151E-10 0.825E+00 0.148E-05 0.451E-37 0.478E-14 0.682E-13 0.130E-14 0.411E-05 0.162E+00 0.645E-02 0.277E-02 0.131E-02 0.804E-04 0.639E-03 0.440E-05 0.273E-03 0.138E-08 0.329E-04 0.135E-05 0.255E-08 0.618E-10 0.801E-11 0.228E-10
 54  0.89125E+02 1581.08 0.520E-10 0.826E+00 0.428E-05 0.451E-37 0.380E-13 0.138E-11 0.415E-13 0.484E-05 0.162E+00 0.612E-02 0.248E-02 0.191E-02 0.836E-04 0.641E-03 0.416E-05 0.272E-03 0.866E-08 0.332E-04 0.148E-05 0.280E-08 0.763E-10 0.732E-10 0.212E-09
 55  0.12589E+03 1704.80 0.179E-09 0.827E+00 0.125E-04 0.140E-35 0.300E-12 0.288E-10 0.137E-11 0.463E-05 0.162E+00 0.556E-02 0.195E-02 0.236E-02 0.864E-04 0.635E-03 0.376E-05 0.272E-03 0.543E-07 0.335E-04 0.162E-05 0.307E-08 0.950E-10 0.673E-09 0.192E-08
 56  0.17783E+03 1855.42 0.653E-09 0.827E+00 0.384E-04 0.189E-32 0.252E-11 0.658E-09 0.485E-10 0.430E-05 0.162E+00 0.514E-02 0.139E-02 0.279E-02 0.883E-04 0.631E-03 0.323E-05 0.270E-03 0.354E-06 0.339E-04 0.177E-05 0.337E-08 0.120E-09 0.651E-08 0.182E-07
 57  0.25119E+03 2030.04 0.230E-08 0.827E+00 0.114E-03 0.213E-29 0.199E-10 0.123E-07 0.131E-08 0.415E-05 0.162E+00 0.479E-02 0.105E-02 0.336E-02 0.915E-04 0.631E-03 0.272E-05 0.267E-03 0.203E-05 0.342E-04 0.190E-05 0.364E-08 0.146E-09 0.553E-07 0.122E-06
 58  0.35481E+03 2216.91 0.697E-08 0.828E+00 0.300E-03 0.114E-26 0.124E-09 0.685E-07 0.197E-07 0.397E-05 0.162E+00 0.454E-02 0.855E-03 0.386E-02 0.982E-04 0.631E-03 0.230E-05 0.259E-03 0.914E-05 0.341E-04 0.198E-05 0.378E-08 0.163E-09 0.363E-06 0.290E-06
 59  0.50119E+03 2416.14 0.183E-07 0.827E+00 0.699E-03 0.315E-24 0.628E-09 0.738E-07 0.177E-06 0.429E-05 0.161E+00 0.498E-02 0.652E-03 0.424E-02 0.109E-03 0.632E-03 0.199E-05 0.241E-03 0.333E-04 0.337E-04 0.198E-05 0.376E-08 0.167E-09 0.189E-05 0.403E-06
 60  0.70795E+03 2627.18 0.424E-07 0.826E+00 0.147E-02 0.473E-22 0.261E-08 0.678E-07 0.141E-05 0.412E-05 0.161E+00 0.505E-02 0.572E-03 0.441E-02 0.124E-03 0.633E-03 0.177E-05 0.237E-03 0.119E-03 0.332E-04 0.195E-05 0.370E-08 0.166E-09 0.951E-05 0.546E-06
 61  0.10000E+04 2849.53 0.878E-07 0.826E+00 0.280E-02 0.410E-20 0.916E-08 0.554E-07 0.139E-05 0.381E-05 0.161E+00 0.497E-02 0.562E-03 0.448E-02 0.145E-03 0.633E-03 0.166E-05 0.239E-03 0.495E-03 0.325E-04 0.192E-05 0.361E-08 0.163E-09 0.548E-04 0.725E-06
