   25.000000000000000     
  1  0.10000E-05  265.35 0.451E-37 0.823E+00 0.110E-36 0.451E-37 0.451E-37 0.451E-37 0.451E-37 0.301E-17 0.163E+00 0.804E-02 0.468E-02 0.381E-21 0.134E-03 0.618E-03 0.451E-37 0.255E-03 0.451E-37 0.451E-37 0.451E-37 0.451E-37 0.451E-37 0.451E-37 0.451E-37
  2  0.14100E-05  257.05 0.451E-37 0.823E+00 0.451E-37 0.451E-37 0.451E-37 0.451E-37 0.451E-37 0.139E-18 0.163E+00 0.819E-02 0.468E-02 0.952E-23 0.326E-03 0.490E-03 0.451E-37 0.256E-03 0.451E-37 0.451E-37 0.451E-37 0.451E-37 0.451E-37 0.451E-37 0.451E-37
  3  0.20000E-05  250.35 0.451E-37 0.822E+00 0.451E-37 0.451E-37 0.451E-37 0.451E-37 0.451E-37 0.885E-20 0.164E+00 0.824E-02 0.468E-02 0.359E-24 0.657E-03 0.320E-03 0.451E-37 0.256E-03 0.451E-37 0.451E-37 0.451E-37 0.451E-37 0.451E-37 0.451E-37 0.451E-37
  4  0.28200E-05  246.97 0.451E-37 0.822E+00 0.451E-37 0.451E-37 0.451E-37 0.451E-37 0.451E-37 0.150E-20 0.164E+00 0.825E-02 0.468E-02 0.465E-25 0.942E-03 0.184E-03 0.451E-37 0.256E-03 0.451E-37 0.451E-37 0.451E-37 0.451E-37 0.451E-37 0.451E-37 0.451E-37
  5  0.39800E-05  246.74 0.451E-37 0.822E+00 0.451E-37 0.451E-37 0.451E-37 0.451E-37 0.451E-37 0.701E-21 0.164E+00 0.825E-02 0.469E-02 0.213E-25 0.105E-02 0.111E-03 0.451E-37 0.256E-03 0.451E-37 0.451E-37 0.451E-37 0.451E-37 0.451E-37 0.451E-37 0.451E-37
  6  0.56200E-05  248.06 0.451E-37 0.822E+00 0.451E-37 0.451E-37 0.451E-37 0.451E-37 0.451E-37 0.539E-21 0.164E+00 0.825E-02 0.469E-02 0.182E-25 0.112E-02 0.789E-04 0.451E-37 0.256E-03 0.451E-37 0.451E-37 0.451E-37 0.451E-37 0.451E-37 0.451E-37 0.451E-37
  7  0.79400E-05  249.83 0.451E-37 0.822E+00 0.451E-37 0.451E-37 0.451E-37 0.451E-37 0.451E-37 0.478E-21 0.164E+00 0.825E-02 0.469E-02 0.186E-25 0.120E-02 0.624E-04 0.451E-37 0.256E-03 0.451E-37 0.451E-37 0.451E-37 0.451E-37 0.451E-37 0.451E-37 0.451E-37
  8  0.11220E-04  251.64 0.451E-37 0.822E+00 0.451E-37 0.451E-37 0.451E-37 0.451E-37 0.451E-37 0.425E-21 0.164E+00 0.825E-02 0.469E-02 0.190E-25 0.126E-02 0.466E-04 0.451E-37 0.256E-03 0.451E-37 0.451E-37 0.451E-37 0.451E-37 0.451E-37 0.451E-37 0.451E-37
  9  0.15850E-04  253.17 0.451E-37 0.822E+00 0.451E-37 0.451E-37 0.451E-37 0.451E-37 0.451E-37 0.343E-21 0.164E+00 0.825E-02 0.469E-02 0.173E-25 0.127E-02 0.308E-04 0.451E-37 0.256E-03 0.451E-37 0.451E-37 0.451E-37 0.451E-37 0.451E-37 0.451E-37 0.451E-37
 10  0.22390E-04  254.30 0.451E-37 0.822E+00 0.451E-37 0.451E-37 0.451E-37 0.451E-37 0.451E-37 0.244E-21 0.164E+00 0.825E-02 0.469E-02 0.134E-25 0.130E-02 0.197E-04 0.451E-37 0.256E-03 0.451E-37 0.451E-37 0.451E-37 0.451E-37 0.451E-37 0.451E-37 0.451E-37
 11  0.31620E-04  254.96 0.451E-37 0.822E+00 0.451E-37 0.451E-37 0.451E-37 0.451E-37 0.451E-37 0.150E-21 0.164E+00 0.825E-02 0.469E-02 0.866E-26 0.135E-02 0.118E-04 0.451E-37 0.256E-03 0.451E-37 0.451E-37 0.451E-37 0.451E-37 0.451E-37 0.451E-37 0.451E-37
 12  0.44670E-04  255.16 0.451E-37 0.822E+00 0.451E-37 0.451E-37 0.451E-37 0.451E-37 0.451E-37 0.798E-22 0.164E+00 0.825E-02 0.469E-02 0.468E-26 0.136E-02 0.620E-05 0.451E-37 0.256E-03 0.451E-37 0.451E-37 0.451E-37 0.451E-37 0.451E-37 0.451E-37 0.451E-37
 13  0.63100E-04  254.92 0.451E-37 0.822E+00 0.451E-37 0.451E-37 0.451E-37 0.451E-37 0.451E-37 0.372E-22 0.164E+00 0.825E-02 0.469E-02 0.214E-26 0.137E-02 0.303E-05 0.451E-37 0.256E-03 0.451E-37 0.451E-37 0.451E-37 0.451E-37 0.451E-37 0.451E-37 0.451E-37
 14  0.89120E-04  254.11 0.451E-37 0.822E+00 0.451E-37 0.451E-37 0.451E-37 0.451E-37 0.451E-37 0.145E-22 0.164E+00 0.825E-02 0.469E-02 0.788E-27 0.138E-02 0.135E-05 0.451E-37 0.256E-03 0.451E-37 0.451E-37 0.451E-37 0.451E-37 0.451E-37 0.451E-37 0.451E-37
 15  0.12589E-03  252.51 0.451E-37 0.822E+00 0.451E-37 0.451E-37 0.451E-37 0.451E-37 0.451E-37 0.443E-23 0.164E+00 0.825E-02 0.469E-02 0.212E-27 0.138E-02 0.517E-06 0.451E-37 0.256E-03 0.451E-37 0.451E-37 0.451E-37 0.451E-37 0.451E-37 0.451E-37 0.451E-37
 16  0.17783E-03  250.09 0.451E-37 0.822E+00 0.451E-37 0.451E-37 0.451E-37 0.451E-37 0.451E-37 0.104E-23 0.164E+00 0.825E-02 0.469E-02 0.410E-28 0.138E-02 0.172E-06 0.451E-37 0.256E-03 0.451E-37 0.451E-37 0.451E-37 0.451E-37 0.451E-37 0.451E-37 0.451E-37
 17  0.25119E-03  246.88 0.451E-37 0.822E+00 0.451E-37 0.451E-37 0.451E-37 0.451E-37 0.451E-37 0.185E-24 0.164E+00 0.825E-02 0.469E-02 0.567E-29 0.138E-02 0.492E-07 0.451E-37 0.256E-03 0.451E-37 0.451E-37 0.451E-37 0.451E-37 0.451E-37 0.451E-37 0.451E-37
 18  0.35481E-03  242.90 0.451E-37 0.822E+00 0.451E-37 0.451E-37 0.451E-37 0.451E-37 0.451E-37 0.247E-25 0.164E+00 0.825E-02 0.469E-02 0.547E-30 0.138E-02 0.121E-07 0.451E-37 0.256E-03 0.451E-37 0.451E-37 0.451E-37 0.451E-37 0.451E-37 0.451E-37 0.451E-37
 19  0.50119E-03  238.69 0.451E-37 0.822E+00 0.451E-37 0.451E-37 0.451E-37 0.451E-37 0.451E-37 0.292E-26 0.164E+00 0.825E-02 0.469E-02 0.451E-31 0.138E-02 0.277E-08 0.451E-37 0.256E-03 0.451E-37 0.451E-37 0.451E-37 0.451E-37 0.451E-37 0.451E-37 0.451E-37
 20  0.70795E-03  234.67 0.451E-37 0.822E+00 0.451E-37 0.451E-37 0.451E-37 0.451E-37 0.451E-37 0.350E-27 0.164E+00 0.825E-02 0.469E-02 0.380E-32 0.138E-02 0.644E-09 0.451E-37 0.256E-03 0.451E-37 0.451E-37 0.451E-37 0.451E-37 0.451E-37 0.451E-37 0.451E-37
 21  0.10000E-02  231.26 0.451E-37 0.822E+00 0.451E-37 0.451E-37 0.451E-37 0.451E-37 0.451E-37 0.502E-28 0.164E+00 0.825E-02 0.469E-02 0.400E-33 0.138E-02 0.165E-09 0.451E-37 0.256E-03 0.451E-37 0.451E-37 0.451E-37 0.451E-37 0.451E-37 0.451E-37 0.451E-37
 22  0.14125E-02  228.75 0.451E-37 0.822E+00 0.451E-37 0.451E-37 0.451E-37 0.451E-37 0.451E-37 0.980E-29 0.164E+00 0.825E-02 0.469E-02 0.617E-34 0.138E-02 0.497E-10 0.451E-37 0.256E-03 0.451E-37 0.451E-37 0.451E-37 0.451E-37 0.451E-37 0.451E-37 0.451E-37
 23  0.19953E-02  227.00 0.451E-37 0.822E+00 0.451E-37 0.451E-37 0.451E-37 0.451E-37 0.451E-37 0.251E-29 0.164E+00 0.825E-02 0.469E-02 0.134E-34 0.138E-02 0.174E-10 0.451E-37 0.256E-03 0.451E-37 0.451E-37 0.451E-37 0.451E-37 0.451E-37 0.451E-37 0.451E-37
 24  0.28184E-02  225.99 0.451E-37 0.822E+00 0.451E-37 0.451E-37 0.451E-37 0.451E-37 0.451E-37 0.851E-30 0.164E+00 0.825E-02 0.469E-02 0.412E-35 0.138E-02 0.707E-11 0.451E-37 0.256E-03 0.451E-37 0.451E-37 0.451E-37 0.451E-37 0.451E-37 0.451E-37 0.451E-37
 25  0.39811E-02  226.20 0.451E-37 0.822E+00 0.451E-37 0.451E-37 0.451E-37 0.451E-37 0.451E-37 0.381E-30 0.164E+00 0.748E-02 0.469E-02 0.250E-35 0.138E-02 0.371E-11 0.451E-37 0.256E-03 0.451E-37 0.451E-37 0.451E-37 0.451E-37 0.451E-37 0.451E-37 0.451E-37
 26  0.56234E-02  227.36 0.451E-37 0.822E+00 0.451E-37 0.451E-37 0.451E-37 0.451E-37 0.451E-37 0.269E-30 0.164E+00 0.710E-02 0.469E-02 0.230E-35 0.138E-02 0.236E-11 0.451E-37 0.256E-03 0.451E-37 0.451E-37 0.451E-37 0.451E-37 0.451E-37 0.451E-37 0.451E-37
 27  0.79433E-02  229.35 0.451E-37 0.822E+00 0.451E-37 0.451E-37 0.451E-37 0.451E-37 0.451E-37 0.348E-30 0.164E+00 0.780E-02 0.469E-02 0.274E-35 0.138E-02 0.178E-11 0.451E-37 0.256E-03 0.451E-37 0.451E-37 0.451E-37 0.451E-37 0.451E-37 0.451E-37 0.451E-37
 28  0.11220E-01  233.25 0.451E-37 0.822E+00 0.451E-37 0.451E-37 0.451E-37 0.451E-37 0.451E-37 0.722E-30 0.164E+00 0.769E-02 0.469E-02 0.740E-35 0.138E-02 0.194E-11 0.451E-37 0.256E-03 0.451E-37 0.451E-37 0.451E-37 0.451E-37 0.451E-37 0.451E-37 0.451E-37
 29  0.15849E-01  237.64 0.451E-37 0.822E+00 0.451E-37 0.451E-37 0.451E-37 0.451E-37 0.451E-37 0.167E-29 0.164E+00 0.749E-02 0.469E-02 0.259E-34 0.138E-02 0.228E-11 0.451E-37 0.256E-03 0.451E-37 0.451E-37 0.451E-37 0.451E-37 0.451E-37 0.451E-37 0.451E-37
 30  0.22387E-01  243.38 0.451E-37 0.822E+00 0.451E-37 0.451E-37 0.451E-37 0.451E-37 0.451E-37 0.728E-29 0.164E+00 0.825E-02 0.469E-02 0.168E-33 0.138E-02 0.331E-11 0.451E-37 0.256E-03 0.451E-37 0.451E-37 0.451E-37 0.451E-37 0.451E-37 0.451E-37 0.451E-37
 31  0.31623E-01  250.64 0.451E-37 0.822E+00 0.451E-37 0.451E-37 0.451E-37 0.451E-37 0.451E-37 0.388E-28 0.164E+00 0.823E-02 0.469E-02 0.161E-32 0.138E-02 0.597E-11 0.451E-37 0.256E-03 0.451E-37 0.451E-37 0.451E-37 0.451E-37 0.451E-37 0.451E-37 0.451E-37
 32  0.44668E-01  260.29 0.451E-37 0.822E+00 0.451E-37 0.451E-37 0.451E-37 0.451E-37 0.451E-37 0.371E-27 0.164E+00 0.825E-02 0.469E-02 0.319E-31 0.138E-02 0.148E-10 0.465E-37 0.256E-03 0.451E-37 0.451E-37 0.451E-37 0.451E-37 0.451E-37 0.451E-37 0.451E-37
 33  0.63096E-01  273.67 0.451E-37 0.822E+00 0.451E-37 0.451E-37 0.451E-37 0.451E-37 0.451E-37 0.783E-26 0.164E+00 0.825E-02 0.469E-02 0.170E-29 0.138E-02 0.575E-10 0.531E-36 0.256E-03 0.451E-37 0.451E-37 0.451E-37 0.451E-37 0.451E-37 0.451E-37 0.451E-37
 34  0.89125E-01  294.25 0.451E-37 0.822E+00 0.232E-35 0.451E-37 0.451E-37 0.451E-37 0.451E-37 0.630E-24 0.163E+00 0.824E-02 0.468E-02 0.482E-27 0.138E-02 0.474E-09 0.320E-33 0.256E-03 0.451E-37 0.451E-37 0.451E-37 0.451E-37 0.451E-37 0.451E-37 0.451E-37
 35  0.12589E+00  326.65 0.450E-37 0.822E+00 0.135E-31 0.450E-37 0.450E-37 0.450E-37 0.450E-37 0.256E-21 0.163E+00 0.823E-02 0.468E-02 0.104E-23 0.138E-02 0.999E-08 0.132E-29 0.255E-03 0.450E-37 0.450E-37 0.450E-37 0.450E-37 0.450E-37 0.450E-37 0.450E-37
 36  0.17783E+00  362.40 0.450E-37 0.822E+00 0.314E-28 0.450E-37 0.450E-37 0.450E-37 0.450E-37 0.524E-19 0.163E+00 0.823E-02 0.468E-02 0.938E-21 0.138E-02 0.152E-06 0.201E-26 0.255E-03 0.450E-37 0.450E-37 0.450E-37 0.450E-37 0.450E-37 0.450E-37 0.450E-37
 37  0.25119E+00  401.91 0.451E-37 0.822E+00 0.330E-25 0.451E-37 0.451E-37 0.451E-37 0.451E-37 0.556E-17 0.163E+00 0.823E-02 0.468E-02 0.382E-18 0.137E-02 0.169E-05 0.142E-23 0.255E-03 0.451E-37 0.235E-26 0.581E-37 0.699E-37 0.655E-37 0.451E-37 0.451E-37
 38  0.35481E+00  445.62 0.451E-37 0.822E+00 0.171E-22 0.451E-37 0.451E-37 0.451E-37 0.451E-37 0.421E-15 0.163E+00 0.823E-02 0.468E-02 0.948E-16 0.134E-02 0.140E-04 0.512E-21 0.255E-03 0.451E-37 0.583E-23 0.177E-33 0.155E-32 0.710E-33 0.451E-37 0.451E-37
 39  0.50119E+00  494.01 0.451E-37 0.822E+00 0.471E-20 0.451E-37 0.451E-37 0.451E-37 0.451E-37 0.205E-13 0.163E+00 0.823E-02 0.467E-02 0.133E-13 0.115E-02 0.704E-04 0.101E-18 0.255E-03 0.252E-35 0.628E-20 0.931E-29 0.636E-28 0.311E-28 0.451E-37 0.451E-37
 40  0.70795E+00  547.61 0.331E-33 0.823E+00 0.739E-18 0.451E-37 0.451E-37 0.451E-37 0.451E-37 0.676E-12 0.163E+00 0.822E-02 0.467E-02 0.113E-11 0.785E-03 0.181E-03 0.115E-16 0.255E-03 0.324E-31 0.320E-17 0.169E-24 0.919E-24 0.477E-24 0.273E-35 0.141E-34
 41  0.10000E+01  606.95 0.203E-29 0.823E+00 0.696E-16 0.451E-37 0.451E-37 0.451E-37 0.451E-37 0.153E-10 0.163E+00 0.822E-02 0.467E-02 0.592E-10 0.534E-03 0.375E-03 0.814E-15 0.255E-03 0.169E-27 0.836E-15 0.129E-20 0.572E-20 0.704E-21 0.245E-32 0.256E-31
 42  0.14125E+01  672.61 0.700E-26 0.823E+00 0.413E-14 0.451E-37 0.156E-35 0.466E-36 0.451E-37 0.249E-09 0.163E+00 0.822E-02 0.467E-02 0.203E-08 0.316E-03 0.490E-03 0.373E-13 0.255E-03 0.360E-24 0.119E-12 0.495E-17 0.107E-16 0.170E-18 0.117E-28 0.993E-28
 43  0.19953E+01  745.22 0.141E-22 0.823E+00 0.162E-12 0.451E-37 0.284E-31 0.703E-33 0.333E-36 0.300E-08 0.163E+00 0.822E-02 0.467E-02 0.473E-07 0.193E-03 0.573E-03 0.116E-11 0.255E-03 0.342E-21 0.978E-11 0.105E-13 0.354E-14 0.157E-16 0.232E-25 0.165E-24
 44  0.28184E+01  825.34 0.177E-19 0.823E+00 0.435E-11 0.451E-37 0.334E-27 0.879E-29 0.830E-33 0.272E-07 0.163E+00 0.821E-02 0.467E-02 0.766E-06 0.123E-03 0.621E-03 0.251E-10 0.255E-03 0.155E-18 0.487E-09 0.107E-10 0.191E-12 0.106E-14 0.209E-22 0.125E-21
 45  0.39811E+01  913.60 0.126E-16 0.823E+00 0.827E-10 0.451E-37 0.179E-23 0.397E-25 0.120E-28 0.188E-06 0.163E+00 0.819E-02 0.464E-02 0.882E-05 0.819E-04 0.639E-03 0.401E-09 0.255E-03 0.358E-16 0.154E-07 0.339E-08 0.669E-11 0.458E-13 0.915E-20 0.474E-19
 46  0.56234E+01  984.84 0.395E-15 0.823E+00 0.576E-09 0.451E-37 0.228E-21 0.103E-22 0.685E-26 0.554E-06 0.163E+00 0.813E-02 0.458E-02 0.367E-04 0.690E-04 0.646E-03 0.281E-08 0.255E-03 0.125E-14 0.141E-06 0.335E-07 0.587E-10 0.469E-12 0.522E-18 0.246E-17
 47  0.79433E+01 1041.56 0.321E-14 0.823E+00 0.213E-08 0.451E-37 0.518E-20 0.451E-21 0.518E-24 0.921E-06 0.163E+00 0.799E-02 0.443E-02 0.781E-04 0.678E-04 0.650E-03 0.120E-07 0.256E-03 0.133E-13 0.590E-06 0.114E-06 0.191E-09 0.177E-11 0.825E-17 0.218E-16
 48  0.10000E+02 1076.73 0.975E-14 0.823E+00 0.439E-08 0.451E-37 0.286E-19 0.367E-20 0.573E-23 0.123E-05 0.163E+00 0.805E-02 0.451E-02 0.118E-03 0.694E-04 0.652E-03 0.271E-07 0.256E-03 0.487E-13 0.128E-05 0.208E-06 0.355E-09 0.357E-11 0.386E-16 0.657E-16
 49  0.15849E+02 1144.96 0.561E-13 0.824E+00 0.154E-07 0.451E-37 0.482E-18 0.142E-18 0.386E-21 0.155E-05 0.163E+00 0.779E-02 0.424E-02 0.192E-03 0.754E-04 0.643E-03 0.126E-06 0.260E-03 0.453E-12 0.468E-05 0.444E-06 0.794E-09 0.997E-11 0.569E-15 0.893E-15
 50  0.22387E+02 1207.99 0.234E-12 0.824E+00 0.439E-07 0.451E-37 0.477E-17 0.295E-17 0.125E-19 0.212E-05 0.163E+00 0.769E-02 0.413E-02 0.318E-03 0.786E-04 0.644E-03 0.422E-06 0.263E-03 0.291E-11 0.129E-04 0.766E-06 0.143E-08 0.214E-10 0.527E-14 0.105E-13
 51  0.31623E+02 1283.53 0.933E-12 0.824E+00 0.137E-06 0.451E-37 0.470E-16 0.764E-16 0.527E-18 0.305E-05 0.163E+00 0.753E-02 0.399E-02 0.567E-03 0.800E-04 0.645E-03 0.143E-05 0.271E-03 0.216E-10 0.260E-04 0.103E-05 0.195E-08 0.358E-10 0.571E-13 0.135E-12
 52  0.44668E+02 1370.91 0.364E-11 0.825E+00 0.440E-06 0.451E-37 0.456E-15 0.217E-14 0.247E-16 0.348E-05 0.163E+00 0.694E-02 0.335E-02 0.847E-03 0.805E-04 0.638E-03 0.357E-05 0.272E-03 0.167E-09 0.312E-04 0.120E-05 0.228E-08 0.484E-10 0.649E-12 0.173E-11
 53  0.63096E+02 1466.94 0.134E-10 0.825E+00 0.134E-05 0.451E-37 0.403E-14 0.523E-13 0.962E-15 0.396E-05 0.162E+00 0.651E-02 0.284E-02 0.123E-02 0.823E-04 0.638E-03 0.442E-05 0.273E-03 0.116E-08 0.328E-04 0.133E-05 0.252E-08 0.604E-10 0.665E-11 0.189E-10
 54  0.89125E+02 1575.66 0.485E-10 0.826E+00 0.403E-05 0.451E-37 0.343E-13 0.118E-11 0.345E-13 0.476E-05 0.162E+00 0.617E-02 0.252E-02 0.185E-02 0.848E-04 0.640E-03 0.418E-05 0.272E-03 0.780E-08 0.331E-04 0.147E-05 0.278E-08 0.752E-10 0.653E-10 0.189E-09
 55  0.12589E+03 1700.92 0.172E-09 0.826E+00 0.121E-04 0.113E-35 0.282E-12 0.260E-10 0.122E-11 0.462E-05 0.162E+00 0.559E-02 0.199E-02 0.233E-02 0.871E-04 0.635E-03 0.378E-05 0.272E-03 0.510E-07 0.335E-04 0.161E-05 0.306E-08 0.941E-10 0.628E-09 0.179E-08
 56  0.17783E+03 1852.20 0.633E-09 0.827E+00 0.374E-04 0.163E-32 0.242E-11 0.614E-09 0.449E-10 0.430E-05 0.162E+00 0.516E-02 0.141E-02 0.277E-02 0.889E-04 0.631E-03 0.325E-05 0.271E-03 0.339E-06 0.339E-04 0.176E-05 0.336E-08 0.119E-09 0.621E-08 0.174E-07
 57  0.25119E+03 2026.59 0.224E-08 0.827E+00 0.112E-03 0.187E-29 0.192E-10 0.117E-07 0.123E-08 0.415E-05 0.162E+00 0.480E-02 0.107E-02 0.335E-02 0.920E-04 0.630E-03 0.274E-05 0.267E-03 0.195E-05 0.342E-04 0.190E-05 0.364E-08 0.145E-09 0.531E-07 0.120E-06
 58  0.35481E+03 2213.23 0.680E-08 0.828E+00 0.294E-03 0.101E-26 0.120E-09 0.683E-07 0.187E-07 0.397E-05 0.162E+00 0.455E-02 0.869E-03 0.385E-02 0.987E-04 0.630E-03 0.231E-05 0.259E-03 0.884E-05 0.341E-04 0.198E-05 0.378E-08 0.162E-09 0.350E-06 0.289E-06
 59  0.50119E+03 2412.23 0.180E-07 0.827E+00 0.686E-03 0.282E-24 0.609E-09 0.738E-07 0.169E-06 0.427E-05 0.161E+00 0.496E-02 0.665E-03 0.423E-02 0.109E-03 0.632E-03 0.200E-05 0.241E-03 0.324E-04 0.337E-04 0.198E-05 0.376E-08 0.167E-09 0.183E-05 0.402E-06
 60  0.70795E+03 2623.04 0.416E-07 0.826E+00 0.144E-02 0.430E-22 0.254E-08 0.680E-07 0.141E-05 0.413E-05 0.161E+00 0.505E-02 0.580E-03 0.441E-02 0.124E-03 0.633E-03 0.178E-05 0.237E-03 0.115E-03 0.332E-04 0.195E-05 0.370E-08 0.166E-09 0.914E-05 0.545E-06
 61  0.10000E+04 2845.21 0.864E-07 0.826E+00 0.276E-02 0.376E-20 0.895E-08 0.557E-07 0.139E-05 0.381E-05 0.161E+00 0.497E-02 0.569E-03 0.448E-02 0.145E-03 0.633E-03 0.167E-05 0.239E-03 0.496E-03 0.325E-04 0.192E-05 0.362E-08 0.164E-09 0.546E-04 0.723E-06
