   25.000000000000000     
  1  0.10000E-05  198.07 0.451E-37 0.822E+00 0.451E-37 0.451E-37 0.451E-37 0.451E-37 0.451E-37 0.275E-28 0.164E+00 0.825E-02 0.469E-02 0.663E-35 0.138E-02 0.764E-07 0.451E-37 0.256E-03 0.451E-37 0.451E-37 0.451E-37 0.451E-37 0.451E-37 0.451E-37 0.451E-37
  2  0.14100E-05  192.04 0.451E-37 0.822E+00 0.451E-37 0.451E-37 0.451E-37 0.451E-37 0.451E-37 0.589E-30 0.164E+00 0.825E-02 0.469E-02 0.143E-36 0.138E-02 0.727E-08 0.451E-37 0.256E-03 0.451E-37 0.451E-37 0.451E-37 0.451E-37 0.451E-37 0.451E-37 0.451E-37
  3  0.20000E-05  188.85 0.451E-37 0.822E+00 0.451E-37 0.451E-37 0.451E-37 0.451E-37 0.451E-37 0.511E-31 0.164E+00 0.825E-02 0.469E-02 0.451E-37 0.138E-02 0.144E-08 0.451E-37 0.256E-03 0.451E-37 0.451E-37 0.451E-37 0.451E-37 0.451E-37 0.451E-37 0.451E-37
  4  0.28200E-05  186.96 0.451E-37 0.822E+00 0.451E-37 0.451E-37 0.451E-37 0.451E-37 0.451E-37 0.883E-32 0.164E+00 0.825E-02 0.469E-02 0.451E-37 0.138E-02 0.414E-09 0.451E-37 0.256E-03 0.451E-37 0.451E-37 0.451E-37 0.451E-37 0.451E-37 0.451E-37 0.451E-37
  5  0.39800E-05  185.54 0.451E-37 0.822E+00 0.451E-37 0.451E-37 0.451E-37 0.451E-37 0.451E-37 0.178E-32 0.164E+00 0.787E-02 0.469E-02 0.451E-37 0.138E-02 0.135E-09 0.451E-37 0.256E-03 0.451E-37 0.451E-37 0.451E-37 0.451E-37 0.451E-37 0.451E-37 0.451E-37
  6  0.56200E-05  184.63 0.451E-37 0.823E+00 0.451E-37 0.451E-37 0.451E-37 0.451E-37 0.451E-37 0.452E-33 0.164E+00 0.728E-02 0.469E-02 0.451E-37 0.138E-02 0.516E-10 0.451E-37 0.256E-03 0.451E-37 0.451E-37 0.451E-37 0.451E-37 0.451E-37 0.451E-37 0.451E-37
  7  0.79400E-05  184.46 0.452E-37 0.823E+00 0.452E-37 0.452E-37 0.452E-37 0.452E-37 0.452E-37 0.175E-33 0.164E+00 0.675E-02 0.469E-02 0.452E-37 0.138E-02 0.245E-10 0.452E-37 0.256E-03 0.452E-37 0.452E-37 0.452E-37 0.452E-37 0.452E-37 0.452E-37 0.452E-37
  8  0.11220E-04  185.07 0.452E-37 0.823E+00 0.452E-37 0.452E-37 0.452E-37 0.452E-37 0.452E-37 0.108E-33 0.164E+00 0.626E-02 0.469E-02 0.452E-37 0.138E-02 0.148E-10 0.452E-37 0.256E-03 0.452E-37 0.452E-37 0.452E-37 0.452E-37 0.452E-37 0.452E-37 0.452E-37
  9  0.15850E-04  186.04 0.452E-37 0.823E+00 0.452E-37 0.452E-37 0.452E-37 0.452E-37 0.452E-37 0.817E-34 0.164E+00 0.580E-02 0.469E-02 0.452E-37 0.138E-02 0.996E-11 0.452E-37 0.256E-03 0.452E-37 0.452E-37 0.452E-37 0.452E-37 0.452E-37 0.452E-37 0.452E-37
 10  0.22390E-04  186.93 0.452E-37 0.823E+00 0.452E-37 0.452E-37 0.452E-37 0.452E-37 0.452E-37 0.652E-34 0.164E+00 0.568E-02 0.469E-02 0.452E-37 0.138E-02 0.652E-11 0.452E-37 0.256E-03 0.452E-37 0.452E-37 0.452E-37 0.452E-37 0.452E-37 0.452E-37 0.452E-37
 11  0.31620E-04  187.44 0.452E-37 0.823E+00 0.452E-37 0.452E-37 0.452E-37 0.452E-37 0.452E-37 0.411E-34 0.164E+00 0.538E-02 0.470E-02 0.452E-37 0.138E-02 0.380E-11 0.452E-37 0.256E-03 0.452E-37 0.452E-37 0.452E-37 0.452E-37 0.452E-37 0.452E-37 0.452E-37
 12  0.44670E-04  187.46 0.452E-37 0.824E+00 0.452E-37 0.452E-37 0.452E-37 0.452E-37 0.452E-37 0.162E-34 0.164E+00 0.404E-02 0.470E-02 0.452E-37 0.139E-02 0.192E-11 0.452E-37 0.257E-03 0.452E-37 0.452E-37 0.452E-37 0.452E-37 0.452E-37 0.452E-37 0.452E-37
 13  0.63100E-04  187.10 0.453E-37 0.825E+00 0.453E-37 0.453E-37 0.453E-37 0.453E-37 0.453E-37 0.499E-35 0.164E+00 0.284E-02 0.471E-02 0.453E-37 0.139E-02 0.866E-12 0.453E-37 0.257E-03 0.453E-37 0.453E-37 0.453E-37 0.453E-37 0.453E-37 0.453E-37 0.453E-37
 14  0.89120E-04  186.50 0.454E-37 0.826E+00 0.454E-37 0.454E-37 0.454E-37 0.454E-37 0.454E-37 0.148E-35 0.165E+00 0.191E-02 0.471E-02 0.454E-37 0.139E-02 0.363E-12 0.454E-37 0.257E-03 0.454E-37 0.454E-37 0.454E-37 0.454E-37 0.454E-37 0.454E-37 0.454E-37
 15  0.12589E-03  185.73 0.454E-37 0.827E+00 0.454E-37 0.454E-37 0.454E-37 0.454E-37 0.454E-37 0.450E-36 0.165E+00 0.120E-02 0.472E-02 0.454E-37 0.139E-02 0.145E-12 0.454E-37 0.257E-03 0.454E-37 0.454E-37 0.454E-37 0.454E-37 0.454E-37 0.454E-37 0.454E-37
 16  0.17783E-03  184.85 0.454E-37 0.828E+00 0.454E-37 0.454E-37 0.454E-37 0.454E-37 0.454E-37 0.160E-36 0.165E+00 0.724E-03 0.472E-02 0.454E-37 0.139E-02 0.554E-13 0.454E-37 0.258E-03 0.454E-37 0.454E-37 0.454E-37 0.454E-37 0.454E-37 0.454E-37 0.454E-37
 17  0.25119E-03  183.90 0.454E-37 0.828E+00 0.454E-37 0.454E-37 0.454E-37 0.454E-37 0.454E-37 0.721E-37 0.165E+00 0.431E-03 0.472E-02 0.454E-37 0.139E-02 0.207E-13 0.454E-37 0.258E-03 0.454E-37 0.454E-37 0.454E-37 0.454E-37 0.454E-37 0.454E-37 0.454E-37
 18  0.35481E-03  182.72 0.455E-37 0.828E+00 0.455E-37 0.455E-37 0.455E-37 0.455E-37 0.455E-37 0.506E-37 0.165E+00 0.246E-03 0.472E-02 0.455E-37 0.139E-02 0.721E-14 0.455E-37 0.258E-03 0.455E-37 0.455E-37 0.455E-37 0.455E-37 0.455E-37 0.455E-37 0.455E-37
 19  0.50119E-03  181.31 0.455E-37 0.829E+00 0.455E-37 0.455E-37 0.455E-37 0.455E-37 0.455E-37 0.471E-37 0.165E+00 0.134E-03 0.472E-02 0.455E-37 0.139E-02 0.231E-14 0.455E-37 0.258E-03 0.455E-37 0.455E-37 0.455E-37 0.455E-37 0.455E-37 0.455E-37 0.455E-37
 20  0.70795E-03  179.59 0.455E-37 0.829E+00 0.455E-37 0.455E-37 0.455E-37 0.455E-37 0.455E-37 0.455E-37 0.165E+00 0.684E-04 0.472E-02 0.455E-37 0.139E-02 0.668E-15 0.455E-37 0.258E-03 0.455E-37 0.455E-37 0.455E-37 0.455E-37 0.455E-37 0.455E-37 0.455E-37
 21  0.10000E-02  177.68 0.455E-37 0.829E+00 0.455E-37 0.455E-37 0.455E-37 0.455E-37 0.455E-37 0.455E-37 0.165E+00 0.335E-04 0.472E-02 0.455E-37 0.139E-02 0.180E-15 0.455E-37 0.258E-03 0.455E-37 0.455E-37 0.455E-37 0.455E-37 0.455E-37 0.455E-37 0.455E-37
 22  0.14125E-02  175.99 0.455E-37 0.829E+00 0.455E-37 0.455E-37 0.455E-37 0.455E-37 0.455E-37 0.455E-37 0.165E+00 0.170E-04 0.472E-02 0.455E-37 0.139E-02 0.515E-16 0.455E-37 0.226E-03 0.455E-37 0.455E-37 0.455E-37 0.455E-37 0.455E-37 0.455E-37 0.455E-37
 23  0.19953E-02  174.72 0.455E-37 0.829E+00 0.455E-37 0.455E-37 0.455E-37 0.455E-37 0.455E-37 0.455E-37 0.165E+00 0.932E-05 0.473E-02 0.455E-37 0.139E-02 0.168E-16 0.455E-37 0.182E-03 0.455E-37 0.455E-37 0.455E-37 0.455E-37 0.455E-37 0.455E-37 0.455E-37
 24  0.28184E-02  174.01 0.455E-37 0.829E+00 0.455E-37 0.455E-37 0.455E-37 0.455E-37 0.455E-37 0.455E-37 0.165E+00 0.570E-05 0.473E-02 0.455E-37 0.139E-02 0.659E-17 0.455E-37 0.142E-03 0.455E-37 0.455E-37 0.455E-37 0.455E-37 0.455E-37 0.455E-37 0.455E-37
 25  0.39811E-02  174.04 0.455E-37 0.829E+00 0.455E-37 0.455E-37 0.455E-37 0.455E-37 0.455E-37 0.455E-37 0.165E+00 0.407E-05 0.473E-02 0.455E-37 0.139E-02 0.334E-17 0.455E-37 0.112E-03 0.455E-37 0.455E-37 0.455E-37 0.455E-37 0.455E-37 0.455E-37 0.455E-37
 26  0.56234E-02  174.66 0.455E-37 0.829E+00 0.455E-37 0.455E-37 0.455E-37 0.455E-37 0.455E-37 0.455E-37 0.165E+00 0.327E-05 0.473E-02 0.455E-37 0.139E-02 0.207E-17 0.455E-37 0.947E-04 0.455E-37 0.455E-37 0.455E-37 0.455E-37 0.455E-37 0.455E-37 0.455E-37
 27  0.79433E-02  175.24 0.455E-37 0.829E+00 0.455E-37 0.455E-37 0.455E-37 0.455E-37 0.455E-37 0.455E-37 0.165E+00 0.260E-05 0.473E-02 0.455E-37 0.139E-02 0.126E-17 0.455E-37 0.817E-04 0.455E-37 0.455E-37 0.455E-37 0.455E-37 0.455E-37 0.455E-37 0.455E-37
 28  0.11220E-01  175.31 0.455E-37 0.829E+00 0.455E-37 0.455E-37 0.455E-37 0.455E-37 0.455E-37 0.455E-37 0.165E+00 0.186E-05 0.473E-02 0.455E-37 0.139E-02 0.648E-18 0.455E-37 0.632E-04 0.455E-37 0.455E-37 0.455E-37 0.455E-37 0.455E-37 0.455E-37 0.455E-37
 29  0.15849E-01  174.97 0.455E-37 0.829E+00 0.455E-37 0.455E-37 0.455E-37 0.455E-37 0.455E-37 0.455E-37 0.165E+00 0.123E-05 0.473E-02 0.455E-37 0.139E-02 0.290E-18 0.455E-37 0.421E-04 0.455E-37 0.455E-37 0.455E-37 0.455E-37 0.455E-37 0.455E-37 0.455E-37
 30  0.22387E-01  174.77 0.455E-37 0.829E+00 0.455E-37 0.455E-37 0.455E-37 0.455E-37 0.455E-37 0.455E-37 0.165E+00 0.838E-06 0.473E-02 0.455E-37 0.139E-02 0.136E-18 0.455E-37 0.287E-04 0.455E-37 0.455E-37 0.455E-37 0.455E-37 0.455E-37 0.455E-37 0.455E-37
 31  0.31623E-01  175.07 0.455E-37 0.829E+00 0.455E-37 0.455E-37 0.455E-37 0.455E-37 0.455E-37 0.455E-37 0.165E+00 0.630E-06 0.473E-02 0.455E-37 0.139E-02 0.753E-19 0.455E-37 0.215E-04 0.455E-37 0.455E-37 0.455E-37 0.455E-37 0.455E-37 0.455E-37 0.455E-37
 32  0.44668E-01  175.89 0.455E-37 0.829E+00 0.455E-37 0.455E-37 0.455E-37 0.455E-37 0.455E-37 0.455E-37 0.165E+00 0.526E-06 0.473E-02 0.455E-37 0.139E-02 0.498E-19 0.455E-37 0.176E-04 0.455E-37 0.455E-37 0.455E-37 0.455E-37 0.455E-37 0.455E-37 0.455E-37
 33  0.63096E-01  177.29 0.455E-37 0.829E+00 0.455E-37 0.455E-37 0.455E-37 0.455E-37 0.455E-37 0.455E-37 0.165E+00 0.491E-06 0.473E-02 0.455E-37 0.139E-02 0.397E-19 0.455E-37 0.160E-04 0.455E-37 0.455E-37 0.455E-37 0.455E-37 0.455E-37 0.455E-37 0.455E-37
 34  0.89125E-01  179.46 0.455E-37 0.829E+00 0.455E-37 0.455E-37 0.455E-37 0.455E-37 0.455E-37 0.455E-37 0.165E+00 0.530E-06 0.473E-02 0.455E-37 0.139E-02 0.405E-19 0.455E-37 0.165E-04 0.455E-37 0.455E-37 0.455E-37 0.455E-37 0.455E-37 0.455E-37 0.455E-37
 35  0.12589E+00  183.10 0.455E-37 0.829E+00 0.455E-37 0.455E-37 0.455E-37 0.455E-37 0.455E-37 0.455E-37 0.165E+00 0.744E-06 0.473E-02 0.455E-37 0.139E-02 0.645E-19 0.455E-37 0.217E-04 0.455E-37 0.455E-37 0.455E-37 0.455E-37 0.455E-37 0.455E-37 0.455E-37
 36  0.17783E+00  189.00 0.455E-37 0.829E+00 0.455E-37 0.455E-37 0.455E-37 0.455E-37 0.455E-37 0.455E-37 0.165E+00 0.151E-05 0.473E-02 0.455E-37 0.139E-02 0.192E-18 0.455E-37 0.395E-04 0.455E-37 0.455E-37 0.455E-37 0.455E-37 0.455E-37 0.455E-37 0.455E-37
 37  0.25119E+00  204.16 0.455E-37 0.829E+00 0.455E-37 0.455E-37 0.455E-37 0.455E-37 0.455E-37 0.455E-37 0.165E+00 0.121E-04 0.473E-02 0.455E-37 0.139E-02 0.597E-17 0.455E-37 0.177E-03 0.455E-37 0.455E-37 0.455E-37 0.455E-37 0.455E-37 0.455E-37 0.455E-37
 38  0.35481E+00  227.59 0.455E-37 0.828E+00 0.455E-37 0.455E-37 0.455E-37 0.455E-37 0.455E-37 0.211E-36 0.165E+00 0.192E-03 0.473E-02 0.455E-37 0.139E-02 0.628E-15 0.455E-37 0.258E-03 0.455E-37 0.455E-37 0.455E-37 0.455E-37 0.455E-37 0.455E-37 0.455E-37
 39  0.50119E+00  253.32 0.454E-37 0.826E+00 0.454E-37 0.454E-37 0.454E-37 0.454E-37 0.454E-37 0.240E-31 0.165E+00 0.213E-02 0.471E-02 0.475E-35 0.139E-02 0.378E-13 0.454E-37 0.257E-03 0.454E-37 0.454E-37 0.454E-37 0.454E-37 0.454E-37 0.454E-37 0.454E-37
 40  0.70795E+00  281.58 0.451E-37 0.822E+00 0.585E-37 0.451E-37 0.451E-37 0.451E-37 0.451E-37 0.480E-27 0.164E+00 0.825E-02 0.469E-02 0.173E-30 0.138E-02 0.141E-11 0.370E-34 0.256E-03 0.451E-37 0.451E-37 0.451E-37 0.451E-37 0.451E-37 0.451E-37 0.451E-37
 41  0.10000E+01  312.68 0.450E-37 0.822E+00 0.132E-33 0.450E-37 0.450E-37 0.450E-37 0.450E-37 0.267E-24 0.163E+00 0.823E-02 0.468E-02 0.550E-27 0.138E-02 0.344E-10 0.251E-30 0.255E-03 0.450E-37 0.450E-37 0.450E-37 0.450E-37 0.450E-37 0.450E-37 0.450E-37
 42  0.14125E+01  346.97 0.450E-37 0.822E+00 0.444E-30 0.450E-37 0.450E-37 0.450E-37 0.450E-37 0.721E-22 0.163E+00 0.823E-02 0.468E-02 0.705E-24 0.138E-02 0.596E-09 0.541E-27 0.255E-03 0.450E-37 0.450E-37 0.450E-37 0.450E-37 0.450E-37 0.450E-37 0.450E-37
 43  0.19953E+01  384.85 0.450E-37 0.822E+00 0.644E-27 0.450E-37 0.450E-37 0.450E-37 0.450E-37 0.100E-19 0.163E+00 0.823E-02 0.468E-02 0.399E-21 0.138E-02 0.759E-08 0.522E-24 0.255E-03 0.450E-37 0.401E-33 0.450E-37 0.450E-37 0.450E-37 0.450E-37 0.450E-37
 44  0.28184E+01  426.74 0.451E-37 0.822E+00 0.444E-24 0.451E-37 0.451E-37 0.451E-37 0.451E-37 0.860E-18 0.163E+00 0.823E-02 0.468E-02 0.120E-18 0.138E-02 0.730E-07 0.247E-21 0.255E-03 0.451E-37 0.266E-25 0.757E-37 0.453E-36 0.201E-36 0.451E-37 0.451E-37
 45  0.39811E+01  473.11 0.451E-37 0.822E+00 0.158E-21 0.451E-37 0.451E-37 0.451E-37 0.451E-37 0.501E-16 0.163E+00 0.823E-02 0.468E-02 0.212E-16 0.138E-02 0.548E-06 0.622E-19 0.255E-03 0.451E-37 0.403E-22 0.403E-32 0.305E-31 0.145E-31 0.451E-37 0.451E-37
 46  0.56234E+01  524.46 0.170E-35 0.822E+00 0.312E-19 0.451E-37 0.451E-37 0.451E-37 0.451E-37 0.195E-14 0.163E+00 0.823E-02 0.468E-02 0.222E-14 0.135E-02 0.317E-05 0.881E-17 0.255E-03 0.731E-34 0.277E-19 0.108E-27 0.644E-27 0.326E-27 0.281E-36 0.678E-36
 47  0.79433E+01  581.32 0.194E-32 0.822E+00 0.361E-17 0.451E-37 0.451E-37 0.451E-37 0.451E-37 0.510E-13 0.163E+00 0.823E-02 0.468E-02 0.140E-12 0.131E-02 0.146E-04 0.763E-15 0.255E-03 0.569E-30 0.955E-17 0.101E-23 0.490E-23 0.234E-23 0.176E-34 0.201E-33
 48  0.10000E+02  622.56 0.828E-30 0.822E+00 0.656E-16 0.451E-37 0.451E-37 0.451E-37 0.451E-37 0.375E-12 0.163E+00 0.823E-02 0.468E-02 0.175E-11 0.127E-02 0.354E-04 0.115E-13 0.255E-03 0.132E-27 0.327E-15 0.282E-21 0.119E-20 0.349E-21 0.715E-32 0.708E-31
 49  0.15849E+02  713.91 0.273E-25 0.822E+00 0.121E-13 0.451E-37 0.807E-34 0.280E-35 0.451E-37 0.131E-10 0.163E+00 0.823E-02 0.467E-02 0.157E-09 0.103E-02 0.122E-03 0.151E-11 0.255E-03 0.232E-23 0.179E-12 0.852E-17 0.285E-16 0.410E-18 0.352E-27 0.269E-26
 50  0.22387E+02  790.82 0.273E-22 0.823E+00 0.378E-12 0.451E-37 0.631E-30 0.210E-31 0.243E-35 0.133E-09 0.163E+00 0.822E-02 0.467E-02 0.296E-08 0.830E-03 0.228E-03 0.380E-10 0.255E-03 0.142E-20 0.109E-10 0.987E-14 0.452E-14 0.259E-16 0.438E-24 0.281E-23
 51  0.31623E+02  875.63 0.222E-19 0.823E+00 0.828E-11 0.451E-37 0.421E-26 0.143E-27 0.270E-31 0.104E-08 0.163E+00 0.822E-02 0.467E-02 0.395E-07 0.642E-03 0.335E-03 0.684E-09 0.255E-03 0.432E-18 0.417E-09 0.618E-11 0.200E-12 0.126E-14 0.257E-21 0.141E-20
 52  0.44668E+02  968.88 0.900E-17 0.823E+00 0.131E-09 0.451E-37 0.113E-22 0.372E-24 0.208E-27 0.628E-08 0.163E+00 0.822E-02 0.467E-02 0.382E-06 0.478E-03 0.395E-03 0.917E-08 0.255E-03 0.691E-16 0.104E-07 0.135E-08 0.521E-11 0.397E-13 0.761E-19 0.365E-18
 53  0.63096E+02 1071.12 0.914E-15 0.823E+00 0.153E-08 0.451E-37 0.624E-20 0.401E-21 0.594E-24 0.299E-07 0.163E+00 0.821E-02 0.466E-02 0.275E-05 0.380E-03 0.461E-03 0.939E-07 0.255E-03 0.609E-14 0.174E-06 0.399E-07 0.726E-10 0.673E-12 0.119E-16 0.217E-16
 54  0.89125E+02 1182.81 0.291E-13 0.823E+00 0.137E-07 0.451E-37 0.907E-18 0.195E-18 0.687E-21 0.114E-06 0.163E+00 0.819E-02 0.464E-02 0.150E-04 0.316E-03 0.520E-03 0.736E-06 0.256E-03 0.312E-12 0.203E-05 0.262E-06 0.465E-09 0.551E-11 0.104E-14 0.191E-14
 55  0.12589E+03 1304.42 0.434E-12 0.823E+00 0.960E-07 0.451E-37 0.526E-16 0.463E-16 0.353E-18 0.347E-06 0.163E+00 0.813E-02 0.458E-02 0.626E-04 0.267E-03 0.538E-03 0.355E-05 0.265E-03 0.990E-11 0.159E-04 0.716E-06 0.137E-08 0.225E-10 0.550E-13 0.136E-12
 56  0.17783E+03 1436.41 0.369E-11 0.823E+00 0.540E-06 0.451E-37 0.150E-14 0.584E-14 0.892E-16 0.792E-06 0.163E+00 0.786E-02 0.431E-02 0.193E-03 0.237E-03 0.550E-03 0.489E-05 0.273E-03 0.206E-09 0.310E-04 0.101E-05 0.196E-08 0.406E-10 0.185E-11 0.518E-11
 57  0.25119E+03 1579.20 0.230E-10 0.824E+00 0.249E-05 0.451E-37 0.278E-13 0.417E-12 0.118E-13 0.149E-05 0.163E+00 0.756E-02 0.399E-02 0.473E-03 0.222E-03 0.568E-03 0.461E-05 0.273E-03 0.296E-08 0.316E-04 0.120E-05 0.230E-08 0.562E-10 0.418E-10 0.121E-09
 58  0.35481E+03 1733.25 0.115E-09 0.824E+00 0.966E-05 0.284E-35 0.369E-12 0.178E-10 0.866E-12 0.255E-05 0.163E+00 0.733E-02 0.389E-02 0.102E-02 0.218E-03 0.584E-03 0.423E-05 0.273E-03 0.304E-07 0.321E-04 0.139E-05 0.266E-08 0.757E-10 0.660E-09 0.187E-08
 59  0.50119E+03 1899.03 0.483E-09 0.825E+00 0.320E-04 0.565E-32 0.371E-11 0.497E-09 0.395E-10 0.370E-05 0.162E+00 0.673E-02 0.414E-02 0.191E-02 0.222E-03 0.596E-03 0.387E-05 0.272E-03 0.221E-06 0.328E-04 0.160E-05 0.306E-08 0.102E-09 0.721E-08 0.202E-07
 60  0.70795E+03 2076.96 0.171E-08 0.827E+00 0.923E-04 0.505E-29 0.288E-10 0.137E-07 0.990E-09 0.387E-05 0.162E+00 0.555E-02 0.447E-02 0.280E-02 0.234E-03 0.602E-03 0.350E-05 0.274E-03 0.118E-05 0.332E-04 0.177E-05 0.340E-08 0.131E-09 0.572E-07 0.186E-06
 61  0.10000E+04 2267.37 0.519E-08 0.828E+00 0.235E-03 0.220E-26 0.177E-09 0.715E-07 0.144E-07 0.348E-05 0.162E+00 0.436E-02 0.513E-02 0.363E-02 0.254E-03 0.607E-03 0.322E-05 0.269E-03 0.506E-05 0.332E-04 0.188E-05 0.360E-08 0.154E-09 0.354E-06 0.503E-06
