   25.000000000000000     
  1  0.10000E-05  157.12 0.454E-37 0.828E+00 0.454E-37 0.454E-37 0.454E-37 0.454E-37 0.454E-37 0.454E-37 0.165E+00 0.354E-03 0.472E-02 0.454E-37 0.139E-02 0.879E-13 0.454E-37 0.258E-03 0.454E-37 0.454E-37 0.454E-37 0.454E-37 0.454E-37 0.454E-37 0.454E-37
  2  0.14100E-05  152.36 0.455E-37 0.828E+00 0.455E-37 0.455E-37 0.455E-37 0.455E-37 0.455E-37 0.455E-37 0.165E+00 0.738E-04 0.473E-02 0.455E-37 0.139E-02 0.574E-14 0.455E-37 0.258E-03 0.455E-37 0.455E-37 0.455E-37 0.455E-37 0.455E-37 0.455E-37 0.455E-37
  3  0.20000E-05  151.54 0.455E-37 0.829E+00 0.455E-37 0.455E-37 0.455E-37 0.455E-37 0.455E-37 0.455E-37 0.165E+00 0.418E-04 0.473E-02 0.455E-37 0.139E-02 0.198E-14 0.455E-37 0.258E-03 0.455E-37 0.455E-37 0.455E-37 0.455E-37 0.455E-37 0.455E-37 0.455E-37
  4  0.28200E-05  150.94 0.455E-37 0.829E+00 0.455E-37 0.455E-37 0.455E-37 0.455E-37 0.455E-37 0.455E-37 0.165E+00 0.252E-04 0.473E-02 0.455E-37 0.139E-02 0.760E-15 0.455E-37 0.258E-03 0.455E-37 0.455E-37 0.455E-37 0.455E-37 0.455E-37 0.455E-37 0.455E-37
  5  0.39800E-05  150.33 0.455E-37 0.829E+00 0.455E-37 0.455E-37 0.455E-37 0.455E-37 0.455E-37 0.455E-37 0.165E+00 0.151E-04 0.473E-02 0.455E-37 0.139E-02 0.289E-15 0.455E-37 0.258E-03 0.455E-37 0.455E-37 0.455E-37 0.455E-37 0.455E-37 0.455E-37 0.455E-37
  6  0.56200E-05  149.54 0.455E-37 0.829E+00 0.455E-37 0.455E-37 0.455E-37 0.455E-37 0.455E-37 0.455E-37 0.165E+00 0.863E-05 0.473E-02 0.455E-37 0.139E-02 0.101E-15 0.455E-37 0.239E-03 0.455E-37 0.455E-37 0.455E-37 0.455E-37 0.455E-37 0.455E-37 0.455E-37
  7  0.79400E-05  148.67 0.455E-37 0.829E+00 0.455E-37 0.455E-37 0.455E-37 0.455E-37 0.455E-37 0.455E-37 0.165E+00 0.479E-05 0.473E-02 0.455E-37 0.139E-02 0.340E-16 0.455E-37 0.197E-03 0.455E-37 0.455E-37 0.455E-37 0.455E-37 0.455E-37 0.455E-37 0.455E-37
  8  0.11220E-04  147.48 0.455E-37 0.829E+00 0.455E-37 0.455E-37 0.455E-37 0.455E-37 0.455E-37 0.455E-37 0.165E+00 0.242E-05 0.473E-02 0.455E-37 0.139E-02 0.974E-17 0.455E-37 0.133E-03 0.455E-37 0.455E-37 0.455E-37 0.455E-37 0.455E-37 0.455E-37 0.455E-37
  9  0.15850E-04  145.79 0.455E-37 0.829E+00 0.455E-37 0.455E-37 0.455E-37 0.455E-37 0.455E-37 0.455E-37 0.165E+00 0.106E-05 0.473E-02 0.455E-37 0.139E-02 0.219E-17 0.455E-37 0.669E-04 0.455E-37 0.455E-37 0.455E-37 0.455E-37 0.455E-37 0.455E-37 0.455E-37
 10  0.22390E-04  143.67 0.455E-37 0.829E+00 0.455E-37 0.455E-37 0.455E-37 0.455E-37 0.455E-37 0.455E-37 0.165E+00 0.400E-06 0.473E-02 0.455E-37 0.139E-02 0.388E-18 0.455E-37 0.288E-04 0.455E-37 0.455E-37 0.455E-37 0.455E-37 0.455E-37 0.455E-37 0.455E-37
 11  0.31620E-04  140.94 0.455E-37 0.829E+00 0.455E-37 0.455E-37 0.455E-37 0.455E-37 0.455E-37 0.455E-37 0.165E+00 0.123E-06 0.473E-02 0.455E-37 0.139E-02 0.491E-19 0.455E-37 0.993E-05 0.455E-37 0.455E-37 0.455E-37 0.455E-37 0.455E-37 0.455E-37 0.455E-37
 12  0.44670E-04  137.49 0.455E-37 0.829E+00 0.455E-37 0.455E-37 0.455E-37 0.455E-37 0.455E-37 0.455E-37 0.165E+00 0.291E-07 0.473E-02 0.455E-37 0.139E-02 0.400E-20 0.455E-37 0.262E-05 0.455E-37 0.455E-37 0.455E-37 0.455E-37 0.455E-37 0.455E-37 0.455E-37
 13  0.63100E-04  133.73 0.455E-37 0.829E+00 0.455E-37 0.455E-37 0.455E-37 0.455E-37 0.455E-37 0.455E-37 0.165E+00 0.582E-08 0.473E-02 0.455E-37 0.139E-02 0.249E-21 0.455E-37 0.594E-06 0.455E-37 0.455E-37 0.455E-37 0.455E-37 0.455E-37 0.455E-37 0.455E-37
 14  0.89120E-04  130.48 0.455E-37 0.829E+00 0.455E-37 0.455E-37 0.455E-37 0.455E-37 0.455E-37 0.455E-37 0.165E+00 0.130E-08 0.473E-02 0.455E-37 0.139E-02 0.187E-22 0.455E-37 0.150E-06 0.455E-37 0.455E-37 0.455E-37 0.455E-37 0.455E-37 0.455E-37 0.455E-37
 15  0.12589E-03  128.67 0.455E-37 0.829E+00 0.455E-37 0.455E-37 0.455E-37 0.455E-37 0.455E-37 0.455E-37 0.165E+00 0.476E-09 0.473E-02 0.455E-37 0.139E-02 0.315E-23 0.455E-37 0.583E-07 0.455E-37 0.455E-37 0.455E-37 0.455E-37 0.455E-37 0.455E-37 0.455E-37
 16  0.17783E-03  127.72 0.455E-37 0.829E+00 0.455E-37 0.455E-37 0.455E-37 0.455E-37 0.455E-37 0.455E-37 0.165E+00 0.235E-09 0.473E-02 0.455E-37 0.139E-02 0.876E-24 0.455E-37 0.299E-07 0.455E-37 0.455E-37 0.455E-37 0.455E-37 0.455E-37 0.455E-37 0.455E-37
 17  0.25119E-03  126.32 0.455E-37 0.829E+00 0.455E-37 0.455E-37 0.455E-37 0.455E-37 0.455E-37 0.455E-37 0.165E+00 0.974E-10 0.473E-02 0.455E-37 0.139E-02 0.182E-24 0.455E-37 0.131E-07 0.455E-37 0.455E-37 0.455E-37 0.455E-37 0.455E-37 0.455E-37 0.455E-37
 18  0.35481E-03  125.76 0.455E-37 0.829E+00 0.455E-37 0.455E-37 0.455E-37 0.455E-37 0.455E-37 0.455E-37 0.165E+00 0.556E-10 0.473E-02 0.455E-37 0.131E-02 0.473E-25 0.455E-37 0.762E-08 0.455E-37 0.455E-37 0.455E-37 0.455E-37 0.455E-37 0.455E-37 0.455E-37
 19  0.50119E-03  126.45 0.455E-37 0.829E+00 0.455E-37 0.455E-37 0.455E-37 0.455E-37 0.455E-37 0.455E-37 0.165E+00 0.514E-10 0.473E-02 0.455E-37 0.119E-02 0.230E-25 0.455E-37 0.686E-08 0.455E-37 0.455E-37 0.455E-37 0.455E-37 0.455E-37 0.455E-37 0.455E-37
 20  0.70795E-03  127.86 0.455E-37 0.829E+00 0.455E-37 0.455E-37 0.455E-37 0.455E-37 0.455E-37 0.455E-37 0.165E+00 0.624E-10 0.473E-02 0.455E-37 0.119E-02 0.280E-25 0.455E-37 0.788E-08 0.455E-37 0.455E-37 0.455E-37 0.455E-37 0.455E-37 0.455E-37 0.455E-37
 21  0.10000E-02  128.49 0.455E-37 0.829E+00 0.455E-37 0.455E-37 0.455E-37 0.455E-37 0.455E-37 0.455E-37 0.165E+00 0.560E-10 0.473E-02 0.455E-37 0.120E-02 0.210E-25 0.455E-37 0.691E-08 0.455E-37 0.455E-37 0.455E-37 0.455E-37 0.455E-37 0.455E-37 0.455E-37
 22  0.14125E-02  122.86 0.455E-37 0.829E+00 0.455E-37 0.455E-37 0.455E-37 0.455E-37 0.455E-37 0.455E-37 0.165E+00 0.439E-11 0.473E-02 0.455E-37 0.513E-03 0.881E-29 0.455E-37 0.675E-09 0.455E-37 0.455E-37 0.455E-37 0.455E-37 0.455E-37 0.455E-37 0.455E-37
 23  0.19953E-02  112.69 0.456E-37 0.830E+00 0.456E-37 0.456E-37 0.456E-37 0.456E-37 0.456E-37 0.456E-37 0.165E+00 0.332E-13 0.473E-02 0.456E-37 0.326E-04 0.496E-35 0.456E-37 0.808E-11 0.456E-37 0.456E-37 0.456E-37 0.456E-37 0.456E-37 0.456E-37 0.456E-37
 24  0.28184E-02  113.38 0.456E-37 0.830E+00 0.456E-37 0.456E-37 0.456E-37 0.456E-37 0.456E-37 0.456E-37 0.165E+00 0.329E-13 0.473E-02 0.456E-37 0.281E-04 0.441E-35 0.456E-37 0.773E-11 0.456E-37 0.456E-37 0.456E-37 0.456E-37 0.456E-37 0.456E-37 0.456E-37
 25  0.39811E-02  117.54 0.456E-37 0.830E+00 0.456E-37 0.456E-37 0.456E-37 0.456E-37 0.456E-37 0.456E-37 0.165E+00 0.160E-12 0.473E-02 0.456E-37 0.624E-04 0.241E-33 0.456E-37 0.310E-10 0.456E-37 0.456E-37 0.456E-37 0.456E-37 0.456E-37 0.456E-37 0.456E-37
 26  0.56234E-02  130.43 0.455E-37 0.829E+00 0.455E-37 0.455E-37 0.455E-37 0.455E-37 0.455E-37 0.455E-37 0.165E+00 0.204E-10 0.473E-02 0.455E-37 0.828E-03 0.451E-27 0.455E-37 0.234E-08 0.455E-37 0.455E-37 0.455E-37 0.455E-37 0.455E-37 0.455E-37 0.455E-37
 27  0.79433E-02  143.79 0.455E-37 0.829E+00 0.455E-37 0.455E-37 0.455E-37 0.455E-37 0.455E-37 0.455E-37 0.165E+00 0.117E-08 0.473E-02 0.455E-37 0.139E-02 0.327E-23 0.455E-37 0.862E-07 0.455E-37 0.455E-37 0.455E-37 0.455E-37 0.455E-37 0.455E-37 0.455E-37
 28  0.11220E-01  135.65 0.455E-37 0.829E+00 0.455E-37 0.455E-37 0.455E-37 0.455E-37 0.455E-37 0.455E-37 0.165E+00 0.631E-10 0.473E-02 0.455E-37 0.852E-03 0.263E-26 0.455E-37 0.603E-08 0.455E-37 0.455E-37 0.455E-37 0.455E-37 0.455E-37 0.455E-37 0.455E-37
 29  0.15849E-01  123.82 0.455E-37 0.830E+00 0.455E-37 0.455E-37 0.455E-37 0.455E-37 0.455E-37 0.455E-37 0.165E+00 0.577E-12 0.473E-02 0.455E-37 0.759E-04 0.142E-32 0.455E-37 0.854E-10 0.455E-37 0.455E-37 0.455E-37 0.455E-37 0.455E-37 0.455E-37 0.455E-37
 30  0.22387E-01  124.98 0.455E-37 0.830E+00 0.455E-37 0.455E-37 0.455E-37 0.455E-37 0.455E-37 0.455E-37 0.165E+00 0.650E-12 0.473E-02 0.455E-37 0.707E-04 0.142E-32 0.455E-37 0.918E-10 0.455E-37 0.455E-37 0.455E-37 0.455E-37 0.455E-37 0.455E-37 0.455E-37
 31  0.31623E-01  131.21 0.455E-37 0.830E+00 0.455E-37 0.455E-37 0.455E-37 0.455E-37 0.455E-37 0.455E-37 0.165E+00 0.480E-11 0.473E-02 0.455E-37 0.201E-03 0.392E-30 0.455E-37 0.535E-09 0.455E-37 0.455E-37 0.455E-37 0.455E-37 0.455E-37 0.455E-37 0.455E-37
 32  0.44668E-01  134.62 0.455E-37 0.830E+00 0.455E-37 0.455E-37 0.455E-37 0.455E-37 0.455E-37 0.455E-37 0.165E+00 0.112E-10 0.473E-02 0.455E-37 0.288E-03 0.345E-29 0.455E-37 0.111E-08 0.455E-37 0.455E-37 0.455E-37 0.455E-37 0.455E-37 0.455E-37 0.455E-37
 33  0.63096E-01  136.08 0.455E-37 0.830E+00 0.455E-37 0.455E-37 0.455E-37 0.455E-37 0.455E-37 0.455E-37 0.165E+00 0.130E-10 0.473E-02 0.455E-37 0.273E-03 0.377E-29 0.455E-37 0.122E-08 0.455E-37 0.455E-37 0.455E-37 0.455E-37 0.455E-37 0.455E-37 0.455E-37
 34  0.89125E-01  137.30 0.455E-37 0.830E+00 0.455E-37 0.455E-37 0.455E-37 0.455E-37 0.455E-37 0.455E-37 0.165E+00 0.137E-10 0.473E-02 0.455E-37 0.245E-03 0.315E-29 0.455E-37 0.124E-08 0.455E-37 0.455E-37 0.455E-37 0.455E-37 0.455E-37 0.455E-37 0.455E-37
 35  0.12589E+00  139.86 0.455E-37 0.830E+00 0.455E-37 0.455E-37 0.455E-37 0.455E-37 0.455E-37 0.455E-37 0.165E+00 0.221E-10 0.473E-02 0.455E-37 0.283E-03 0.924E-29 0.455E-37 0.184E-08 0.455E-37 0.455E-37 0.455E-37 0.455E-37 0.455E-37 0.455E-37 0.455E-37
 36  0.17783E+00  144.85 0.455E-37 0.829E+00 0.455E-37 0.455E-37 0.455E-37 0.455E-37 0.455E-37 0.455E-37 0.165E+00 0.717E-10 0.473E-02 0.455E-37 0.447E-03 0.266E-27 0.455E-37 0.512E-08 0.455E-37 0.455E-37 0.455E-37 0.455E-37 0.455E-37 0.455E-37 0.455E-37
 37  0.25119E+00  154.92 0.455E-37 0.829E+00 0.455E-37 0.455E-37 0.455E-37 0.455E-37 0.455E-37 0.455E-37 0.165E+00 0.809E-09 0.473E-02 0.455E-37 0.105E-02 0.158E-24 0.455E-37 0.437E-07 0.455E-37 0.455E-37 0.455E-37 0.455E-37 0.455E-37 0.455E-37 0.455E-37
 38  0.35481E+00  172.30 0.455E-37 0.829E+00 0.455E-37 0.455E-37 0.455E-37 0.455E-37 0.455E-37 0.455E-37 0.165E+00 0.319E-07 0.473E-02 0.455E-37 0.139E-02 0.230E-21 0.455E-37 0.115E-05 0.455E-37 0.455E-37 0.455E-37 0.455E-37 0.455E-37 0.455E-37 0.455E-37
 39  0.50119E+00  192.50 0.455E-37 0.829E+00 0.455E-37 0.455E-37 0.455E-37 0.455E-37 0.455E-37 0.455E-37 0.165E+00 0.970E-06 0.473E-02 0.455E-37 0.139E-02 0.664E-19 0.455E-37 0.240E-04 0.455E-37 0.455E-37 0.455E-37 0.455E-37 0.455E-37 0.455E-37 0.455E-37
 40  0.70795E+00  214.77 0.455E-37 0.829E+00 0.455E-37 0.455E-37 0.455E-37 0.455E-37 0.455E-37 0.455E-37 0.165E+00 0.191E-04 0.473E-02 0.455E-37 0.139E-02 0.971E-17 0.455E-37 0.202E-03 0.455E-37 0.455E-37 0.455E-37 0.455E-37 0.455E-37 0.455E-37 0.455E-37
 41  0.10000E+01  239.24 0.455E-37 0.828E+00 0.455E-37 0.455E-37 0.455E-37 0.455E-37 0.455E-37 0.102E-35 0.165E+00 0.256E-03 0.473E-02 0.455E-37 0.139E-02 0.780E-15 0.455E-37 0.258E-03 0.455E-37 0.455E-37 0.455E-37 0.455E-37 0.455E-37 0.455E-37 0.455E-37
 42  0.14125E+01  266.12 0.454E-37 0.826E+00 0.454E-37 0.454E-37 0.454E-37 0.454E-37 0.454E-37 0.173E-30 0.165E+00 0.245E-02 0.471E-02 0.764E-34 0.139E-02 0.373E-13 0.472E-36 0.257E-03 0.454E-37 0.454E-37 0.454E-37 0.454E-37 0.454E-37 0.454E-37 0.454E-37
 43  0.19953E+01  295.67 0.451E-37 0.822E+00 0.751E-36 0.451E-37 0.451E-37 0.451E-37 0.451E-37 0.152E-26 0.164E+00 0.770E-02 0.468E-02 0.135E-29 0.138E-02 0.113E-11 0.501E-32 0.256E-03 0.451E-37 0.451E-37 0.451E-37 0.451E-37 0.451E-37 0.451E-37 0.451E-37
 44  0.28184E+01  328.22 0.450E-37 0.822E+00 0.417E-32 0.450E-37 0.450E-37 0.450E-37 0.450E-37 0.684E-24 0.163E+00 0.823E-02 0.468E-02 0.297E-26 0.138E-02 0.235E-10 0.192E-28 0.255E-03 0.450E-37 0.450E-37 0.450E-37 0.450E-37 0.450E-37 0.450E-37 0.450E-37
 45  0.39811E+01  364.13 0.450E-37 0.822E+00 0.937E-29 0.450E-37 0.450E-37 0.450E-37 0.450E-37 0.136E-21 0.163E+00 0.823E-02 0.468E-02 0.259E-23 0.138E-02 0.352E-09 0.281E-25 0.255E-03 0.450E-37 0.450E-37 0.450E-37 0.450E-37 0.450E-37 0.450E-37 0.450E-37
 46  0.56234E+01  403.82 0.451E-37 0.822E+00 0.950E-26 0.451E-37 0.451E-37 0.451E-37 0.451E-37 0.141E-19 0.163E+00 0.823E-02 0.468E-02 0.103E-20 0.138E-02 0.391E-08 0.193E-22 0.255E-03 0.451E-37 0.156E-27 0.451E-37 0.515E-37 0.483E-37 0.451E-37 0.451E-37
 47  0.79433E+01  447.74 0.451E-37 0.822E+00 0.477E-23 0.451E-37 0.451E-37 0.451E-37 0.451E-37 0.105E-17 0.163E+00 0.823E-02 0.468E-02 0.248E-18 0.138E-02 0.334E-07 0.673E-20 0.255E-03 0.451E-37 0.371E-24 0.344E-35 0.252E-34 0.122E-34 0.451E-37 0.451E-37
 48  0.10000E+02  479.59 0.451E-37 0.822E+00 0.212E-21 0.451E-37 0.451E-37 0.451E-37 0.451E-37 0.144E-16 0.163E+00 0.823E-02 0.468E-02 0.699E-17 0.138E-02 0.122E-06 0.238E-18 0.255E-03 0.681E-37 0.415E-22 0.443E-32 0.324E-31 0.156E-31 0.451E-37 0.451E-37
 49  0.15849E+02  550.21 0.181E-34 0.822E+00 0.196E-18 0.451E-37 0.451E-37 0.451E-37 0.451E-37 0.162E-14 0.163E+00 0.823E-02 0.468E-02 0.282E-14 0.137E-02 0.122E-05 0.143E-15 0.255E-03 0.223E-32 0.190E-18 0.228E-26 0.123E-25 0.640E-26 0.113E-35 0.631E-35
 50  0.22387E+02  609.83 0.427E-31 0.822E+00 0.181E-16 0.451E-37 0.451E-37 0.451E-37 0.451E-37 0.363E-13 0.163E+00 0.823E-02 0.468E-02 0.145E-12 0.135E-02 0.525E-05 0.993E-14 0.255E-03 0.111E-28 0.482E-16 0.138E-22 0.610E-22 0.294E-22 0.788E-33 0.814E-32
 51  0.31623E+02  675.81 0.186E-27 0.822E+00 0.105E-14 0.451E-37 0.853E-36 0.203E-36 0.451E-37 0.584E-12 0.163E+00 0.823E-02 0.468E-02 0.490E-11 0.132E-02 0.186E-04 0.447E-12 0.255E-03 0.228E-25 0.669E-14 0.372E-19 0.136E-18 0.215E-19 0.359E-29 0.303E-28
 52  0.44668E+02  748.73 0.207E-24 0.822E+00 0.405E-13 0.451E-37 0.218E-32 0.504E-34 0.163E-36 0.693E-11 0.163E+00 0.823E-02 0.467E-02 0.112E-09 0.121E-02 0.486E-04 0.136E-10 0.255E-03 0.209E-22 0.536E-12 0.526E-16 0.103E-15 0.151E-17 0.688E-26 0.484E-25
 53  0.63096E+02  829.23 0.181E-21 0.822E+00 0.107E-11 0.451E-37 0.177E-28 0.600E-30 0.599E-34 0.622E-10 0.163E+00 0.823E-02 0.467E-02 0.179E-08 0.105E-02 0.982E-04 0.291E-09 0.255E-03 0.917E-20 0.261E-10 0.420E-13 0.138E-13 0.774E-16 0.598E-23 0.356E-22
 54  0.89125E+02  917.87 0.869E-19 0.823E+00 0.200E-10 0.451E-37 0.630E-25 0.259E-26 0.820E-30 0.429E-09 0.163E+00 0.822E-02 0.467E-02 0.205E-07 0.948E-03 0.183E-03 0.456E-08 0.255E-03 0.206E-17 0.813E-09 0.174E-10 0.424E-12 0.292E-14 0.253E-20 0.130E-19
 55  0.12589E+03 1015.22 0.272E-16 0.823E+00 0.274E-09 0.451E-37 0.119E-21 0.441E-23 0.393E-26 0.232E-08 0.163E+00 0.822E-02 0.467E-02 0.172E-06 0.790E-03 0.253E-03 0.537E-07 0.255E-03 0.248E-15 0.168E-07 0.285E-08 0.892E-11 0.740E-13 0.554E-18 0.207E-17
 56  0.17783E+03 1121.82 0.190E-14 0.823E+00 0.283E-08 0.451E-37 0.416E-19 0.325E-20 0.729E-23 0.100E-07 0.163E+00 0.822E-02 0.467E-02 0.109E-05 0.660E-03 0.309E-03 0.478E-06 0.255E-03 0.169E-13 0.237E-06 0.569E-07 0.953E-10 0.959E-12 0.657E-16 0.935E-16
 57  0.25119E+03 1238.11 0.444E-13 0.823E+00 0.225E-07 0.451E-37 0.410E-17 0.112E-17 0.571E-20 0.348E-07 0.163E+00 0.821E-02 0.466E-02 0.529E-05 0.584E-03 0.372E-03 0.269E-05 0.257E-03 0.686E-12 0.235E-05 0.263E-06 0.475E-09 0.607E-11 0.452E-14 0.967E-14
 58  0.35481E+03 1364.50 0.574E-12 0.823E+00 0.142E-06 0.451E-37 0.192E-15 0.195E-15 0.206E-17 0.101E-06 0.163E+00 0.823E-02 0.468E-02 0.204E-04 0.538E-03 0.434E-03 0.516E-05 0.268E-03 0.178E-10 0.167E-04 0.641E-06 0.124E-08 0.210E-10 0.192E-12 0.508E-12
 59  0.50119E+03 1501.45 0.448E-11 0.822E+00 0.726E-06 0.451E-37 0.476E-14 0.181E-13 0.362E-15 0.276E-06 0.163E+00 0.851E-02 0.499E-02 0.692E-04 0.512E-03 0.487E-03 0.507E-05 0.274E-03 0.311E-09 0.299E-04 0.910E-06 0.177E-08 0.366E-10 0.534E-11 0.154E-10
 60  0.70795E+03 1649.41 0.258E-10 0.822E+00 0.308E-05 0.116E-36 0.770E-13 0.946E-12 0.328E-13 0.857E-06 0.163E+00 0.928E-02 0.639E-02 0.243E-03 0.501E-03 0.526E-03 0.492E-05 0.274E-03 0.379E-08 0.305E-04 0.109E-05 0.210E-08 0.500E-10 0.101E-09 0.292E-09
 61  0.10000E+04 1808.86 0.124E-09 0.823E+00 0.111E-04 0.539E-34 0.932E-12 0.317E-10 0.182E-11 0.234E-05 0.163E+00 0.948E-02 0.956E-02 0.782E-03 0.507E-03 0.554E-03 0.480E-05 0.274E-03 0.335E-07 0.313E-04 0.130E-05 0.249E-08 0.690E-10 0.136E-08 0.380E-08
