   25.000000000000000     
  1  0.10000E-05  307.82 0.450E-37 0.823E+00 0.351E-31 0.450E-37 0.450E-37 0.450E-37 0.450E-37 0.970E-13 0.163E+00 0.822E-02 0.467E-02 0.156E-15 0.816E-05 0.684E-03 0.243E-35 0.255E-03 0.450E-37 0.450E-37 0.450E-37 0.450E-37 0.450E-37 0.450E-37 0.450E-37
  2  0.14100E-05  301.53 0.450E-37 0.823E+00 0.499E-32 0.450E-37 0.450E-37 0.450E-37 0.450E-37 0.127E-13 0.163E+00 0.822E-02 0.467E-02 0.146E-16 0.167E-04 0.679E-03 0.634E-36 0.255E-03 0.450E-37 0.450E-37 0.450E-37 0.450E-37 0.450E-37 0.450E-37 0.450E-37
  3  0.20000E-05  296.57 0.450E-37 0.823E+00 0.982E-33 0.450E-37 0.450E-37 0.450E-37 0.450E-37 0.203E-14 0.163E+00 0.810E-02 0.467E-02 0.181E-17 0.319E-04 0.670E-03 0.239E-36 0.255E-03 0.450E-37 0.450E-37 0.450E-37 0.450E-37 0.450E-37 0.450E-37 0.450E-37
  4  0.28200E-05  291.89 0.451E-37 0.823E+00 0.200E-33 0.451E-37 0.451E-37 0.451E-37 0.451E-37 0.336E-15 0.163E+00 0.794E-02 0.468E-02 0.233E-18 0.600E-04 0.658E-03 0.772E-37 0.255E-03 0.451E-37 0.451E-37 0.451E-37 0.451E-37 0.451E-37 0.451E-37 0.451E-37
  5  0.39800E-05  287.54 0.451E-37 0.823E+00 0.433E-34 0.451E-37 0.451E-37 0.451E-37 0.451E-37 0.605E-16 0.163E+00 0.796E-02 0.468E-02 0.325E-19 0.110E-03 0.623E-03 0.518E-37 0.255E-03 0.451E-37 0.451E-37 0.451E-37 0.451E-37 0.451E-37 0.451E-37 0.451E-37
  6  0.56200E-05  283.92 0.451E-37 0.823E+00 0.114E-34 0.451E-37 0.451E-37 0.451E-37 0.451E-37 0.129E-16 0.163E+00 0.806E-02 0.468E-02 0.550E-20 0.189E-03 0.572E-03 0.530E-37 0.255E-03 0.451E-37 0.451E-37 0.451E-37 0.451E-37 0.451E-37 0.451E-37 0.451E-37
  7  0.79400E-05  281.93 0.451E-37 0.823E+00 0.500E-35 0.451E-37 0.451E-37 0.451E-37 0.451E-37 0.402E-17 0.163E+00 0.814E-02 0.468E-02 0.150E-20 0.293E-03 0.525E-03 0.510E-37 0.255E-03 0.451E-37 0.451E-37 0.451E-37 0.451E-37 0.451E-37 0.451E-37 0.451E-37
  8  0.11220E-04  282.27 0.451E-37 0.823E+00 0.471E-35 0.451E-37 0.451E-37 0.451E-37 0.451E-37 0.222E-17 0.163E+00 0.818E-02 0.468E-02 0.841E-21 0.385E-03 0.477E-03 0.551E-37 0.256E-03 0.451E-37 0.451E-37 0.451E-37 0.451E-37 0.451E-37 0.451E-37 0.451E-37
  9  0.15850E-04  283.76 0.451E-37 0.822E+00 0.645E-35 0.451E-37 0.451E-37 0.451E-37 0.451E-37 0.161E-17 0.163E+00 0.819E-02 0.468E-02 0.669E-21 0.458E-03 0.415E-03 0.691E-37 0.256E-03 0.451E-37 0.451E-37 0.451E-37 0.451E-37 0.451E-37 0.451E-37 0.451E-37
 10  0.22390E-04  285.30 0.451E-37 0.822E+00 0.893E-35 0.451E-37 0.451E-37 0.451E-37 0.451E-37 0.119E-17 0.163E+00 0.821E-02 0.468E-02 0.539E-21 0.552E-03 0.372E-03 0.941E-37 0.256E-03 0.451E-37 0.451E-37 0.451E-37 0.451E-37 0.451E-37 0.451E-37 0.451E-37
 11  0.31620E-04  286.77 0.451E-37 0.822E+00 0.120E-34 0.451E-37 0.451E-37 0.451E-37 0.451E-37 0.856E-18 0.164E+00 0.823E-02 0.468E-02 0.424E-21 0.667E-03 0.331E-03 0.137E-36 0.256E-03 0.451E-37 0.451E-37 0.451E-37 0.451E-37 0.451E-37 0.451E-37 0.451E-37
 12  0.44670E-04  288.20 0.451E-37 0.822E+00 0.159E-34 0.451E-37 0.451E-37 0.451E-37 0.451E-37 0.605E-18 0.164E+00 0.823E-02 0.468E-02 0.326E-21 0.750E-03 0.254E-03 0.213E-36 0.256E-03 0.451E-37 0.451E-37 0.451E-37 0.451E-37 0.451E-37 0.451E-37 0.451E-37
 13  0.63100E-04  289.44 0.451E-37 0.822E+00 0.198E-34 0.451E-37 0.451E-37 0.451E-37 0.451E-37 0.409E-18 0.164E+00 0.824E-02 0.468E-02 0.237E-21 0.867E-03 0.200E-03 0.342E-36 0.256E-03 0.451E-37 0.451E-37 0.451E-37 0.451E-37 0.451E-37 0.451E-37 0.451E-37
 14  0.89120E-04  290.36 0.451E-37 0.822E+00 0.222E-34 0.451E-37 0.451E-37 0.451E-37 0.451E-37 0.255E-18 0.164E+00 0.824E-02 0.468E-02 0.156E-21 0.102E-02 0.158E-03 0.555E-36 0.256E-03 0.451E-37 0.451E-37 0.451E-37 0.451E-37 0.451E-37 0.451E-37 0.451E-37
 15  0.12589E-03  290.58 0.451E-37 0.822E+00 0.200E-34 0.451E-37 0.451E-37 0.451E-37 0.451E-37 0.135E-18 0.164E+00 0.825E-02 0.469E-02 0.835E-22 0.113E-02 0.996E-04 0.771E-36 0.256E-03 0.451E-37 0.451E-37 0.451E-37 0.451E-37 0.451E-37 0.451E-37 0.451E-37
 16  0.17783E-03  289.91 0.451E-37 0.822E+00 0.136E-34 0.451E-37 0.451E-37 0.451E-37 0.451E-37 0.577E-19 0.164E+00 0.825E-02 0.469E-02 0.343E-22 0.122E-02 0.532E-04 0.817E-36 0.256E-03 0.451E-37 0.451E-37 0.451E-37 0.451E-37 0.451E-37 0.451E-37 0.451E-37
 17  0.25119E-03  288.34 0.451E-37 0.822E+00 0.703E-35 0.451E-37 0.451E-37 0.451E-37 0.451E-37 0.200E-19 0.164E+00 0.825E-02 0.469E-02 0.108E-22 0.131E-02 0.248E-04 0.688E-36 0.256E-03 0.451E-37 0.451E-37 0.451E-37 0.451E-37 0.451E-37 0.451E-37 0.451E-37
 18  0.35481E-03  285.77 0.451E-37 0.822E+00 0.261E-35 0.451E-37 0.451E-37 0.451E-37 0.451E-37 0.537E-20 0.164E+00 0.825E-02 0.469E-02 0.249E-23 0.135E-02 0.950E-05 0.422E-36 0.256E-03 0.451E-37 0.451E-37 0.451E-37 0.451E-37 0.451E-37 0.451E-37 0.451E-37
 19  0.50119E-03  282.56 0.451E-37 0.822E+00 0.775E-36 0.451E-37 0.451E-37 0.451E-37 0.451E-37 0.122E-20 0.164E+00 0.825E-02 0.469E-02 0.467E-24 0.137E-02 0.315E-05 0.214E-36 0.256E-03 0.451E-37 0.451E-37 0.451E-37 0.451E-37 0.451E-37 0.451E-37 0.451E-37
 20  0.70795E-03  279.26 0.451E-37 0.822E+00 0.219E-36 0.451E-37 0.451E-37 0.451E-37 0.451E-37 0.266E-21 0.164E+00 0.825E-02 0.469E-02 0.826E-25 0.138E-02 0.101E-05 0.111E-36 0.256E-03 0.451E-37 0.451E-37 0.451E-37 0.451E-37 0.451E-37 0.451E-37 0.451E-37
 21  0.10000E-02  276.14 0.451E-37 0.822E+00 0.660E-37 0.451E-37 0.451E-37 0.451E-37 0.451E-37 0.596E-22 0.164E+00 0.825E-02 0.469E-02 0.152E-25 0.138E-02 0.326E-06 0.611E-37 0.256E-03 0.451E-37 0.451E-37 0.451E-37 0.451E-37 0.451E-37 0.451E-37 0.451E-37
 22  0.14125E-02  273.49 0.451E-37 0.822E+00 0.451E-37 0.451E-37 0.451E-37 0.451E-37 0.451E-37 0.149E-22 0.164E+00 0.825E-02 0.469E-02 0.318E-26 0.138E-02 0.112E-06 0.515E-37 0.256E-03 0.451E-37 0.451E-37 0.451E-37 0.451E-37 0.451E-37 0.451E-37 0.451E-37
 23  0.19953E-02  271.39 0.451E-37 0.822E+00 0.451E-37 0.451E-37 0.451E-37 0.451E-37 0.451E-37 0.425E-23 0.164E+00 0.825E-02 0.469E-02 0.792E-27 0.138E-02 0.411E-07 0.502E-37 0.256E-03 0.451E-37 0.451E-37 0.451E-37 0.451E-37 0.451E-37 0.451E-37 0.451E-37
 24  0.28184E-02  269.95 0.451E-37 0.822E+00 0.451E-37 0.451E-37 0.451E-37 0.451E-37 0.451E-37 0.144E-23 0.164E+00 0.825E-02 0.469E-02 0.243E-27 0.138E-02 0.166E-07 0.451E-37 0.256E-03 0.451E-37 0.451E-37 0.451E-37 0.451E-37 0.451E-37 0.451E-37 0.451E-37
 25  0.39811E-02  269.66 0.451E-37 0.822E+00 0.451E-37 0.451E-37 0.451E-37 0.451E-37 0.451E-37 0.665E-24 0.164E+00 0.825E-02 0.469E-02 0.110E-27 0.138E-02 0.797E-08 0.451E-37 0.256E-03 0.451E-37 0.451E-37 0.451E-37 0.451E-37 0.451E-37 0.451E-37 0.451E-37
 26  0.56234E-02  270.78 0.451E-37 0.822E+00 0.451E-37 0.451E-37 0.451E-37 0.451E-37 0.451E-37 0.453E-24 0.164E+00 0.825E-02 0.469E-02 0.811E-28 0.138E-02 0.473E-08 0.535E-37 0.256E-03 0.451E-37 0.451E-37 0.451E-37 0.451E-37 0.451E-37 0.451E-37 0.451E-37
 27  0.79433E-02  273.25 0.451E-37 0.822E+00 0.451E-37 0.451E-37 0.451E-37 0.451E-37 0.451E-37 0.441E-24 0.164E+00 0.825E-02 0.469E-02 0.931E-28 0.138E-02 0.341E-08 0.108E-36 0.256E-03 0.451E-37 0.451E-37 0.451E-37 0.451E-37 0.451E-37 0.451E-37 0.451E-37
 28  0.11220E-01  277.28 0.451E-37 0.822E+00 0.554E-37 0.451E-37 0.451E-37 0.451E-37 0.451E-37 0.637E-24 0.164E+00 0.825E-02 0.469E-02 0.175E-27 0.138E-02 0.306E-08 0.449E-36 0.256E-03 0.451E-37 0.451E-37 0.451E-37 0.451E-37 0.451E-37 0.451E-37 0.451E-37
 29  0.15849E-01  283.07 0.451E-37 0.822E+00 0.165E-36 0.451E-37 0.451E-37 0.451E-37 0.451E-37 0.139E-23 0.164E+00 0.825E-02 0.469E-02 0.547E-27 0.138E-02 0.344E-08 0.334E-35 0.256E-03 0.451E-37 0.451E-37 0.451E-37 0.451E-37 0.451E-37 0.451E-37 0.451E-37
 30  0.22387E-01  290.71 0.451E-37 0.822E+00 0.156E-35 0.451E-37 0.451E-37 0.451E-37 0.451E-37 0.440E-23 0.164E+00 0.825E-02 0.469E-02 0.274E-26 0.138E-02 0.477E-08 0.394E-34 0.256E-03 0.451E-37 0.451E-37 0.451E-37 0.451E-37 0.451E-37 0.451E-37 0.451E-37
 31  0.31623E-01  300.99 0.450E-37 0.822E+00 0.285E-34 0.450E-37 0.450E-37 0.450E-37 0.450E-37 0.226E-22 0.163E+00 0.823E-02 0.468E-02 0.252E-25 0.138E-02 0.866E-08 0.101E-32 0.255E-03 0.450E-37 0.450E-37 0.450E-37 0.450E-37 0.450E-37 0.450E-37 0.450E-37
 32  0.44668E-01  315.52 0.450E-37 0.822E+00 0.133E-32 0.450E-37 0.450E-37 0.450E-37 0.450E-37 0.237E-21 0.163E+00 0.823E-02 0.468E-02 0.563E-24 0.138E-02 0.237E-07 0.479E-31 0.255E-03 0.450E-37 0.450E-37 0.450E-37 0.450E-37 0.450E-37 0.450E-37 0.450E-37
 33  0.63096E-01  336.65 0.450E-37 0.822E+00 0.207E-30 0.450E-37 0.450E-37 0.450E-37 0.450E-37 0.623E-20 0.163E+00 0.823E-02 0.468E-02 0.394E-22 0.138E-02 0.110E-06 0.665E-29 0.255E-03 0.450E-37 0.450E-37 0.450E-37 0.450E-37 0.450E-37 0.450E-37 0.450E-37
 34  0.89125E-01  371.06 0.450E-37 0.822E+00 0.241E-27 0.450E-37 0.450E-37 0.450E-37 0.450E-37 0.751E-18 0.163E+00 0.823E-02 0.468E-02 0.185E-19 0.137E-02 0.125E-05 0.538E-26 0.255E-03 0.450E-37 0.450E-37 0.450E-37 0.450E-37 0.450E-37 0.450E-37 0.450E-37
 35  0.12589E+00  411.49 0.451E-37 0.822E+00 0.214E-24 0.451E-37 0.451E-37 0.451E-37 0.451E-37 0.726E-16 0.163E+00 0.823E-02 0.468E-02 0.661E-17 0.134E-02 0.125E-04 0.324E-23 0.255E-03 0.451E-37 0.326E-25 0.329E-36 0.979E-36 0.664E-36 0.451E-37 0.451E-37
 36  0.17783E+00  456.23 0.451E-37 0.822E+00 0.953E-22 0.451E-37 0.451E-37 0.451E-37 0.451E-37 0.494E-14 0.163E+00 0.823E-02 0.467E-02 0.143E-14 0.114E-02 0.747E-04 0.101E-20 0.255E-03 0.574E-37 0.664E-22 0.747E-32 0.618E-31 0.287E-31 0.451E-37 0.451E-37
 37  0.25119E+00  505.77 0.198E-36 0.823E+00 0.230E-19 0.451E-37 0.451E-37 0.451E-37 0.451E-37 0.219E-12 0.163E+00 0.822E-02 0.467E-02 0.178E-12 0.802E-03 0.239E-03 0.175E-18 0.255E-03 0.486E-34 0.599E-19 0.307E-27 0.199E-26 0.973E-27 0.808E-37 0.100E-36
 38  0.35481E+00  560.62 0.717E-32 0.823E+00 0.319E-17 0.451E-37 0.451E-37 0.451E-37 0.451E-37 0.658E-11 0.163E+00 0.822E-02 0.467E-02 0.134E-10 0.449E-03 0.393E-03 0.178E-16 0.255E-03 0.536E-30 0.261E-16 0.455E-23 0.236E-22 0.124E-22 0.990E-35 0.760E-34
 39  0.50119E+00  621.36 0.427E-28 0.823E+00 0.270E-15 0.451E-37 0.652E-37 0.451E-37 0.451E-37 0.139E-09 0.163E+00 0.822E-02 0.467E-02 0.641E-09 0.247E-03 0.513E-03 0.114E-14 0.255E-03 0.226E-26 0.589E-14 0.331E-19 0.141E-18 0.602E-20 0.270E-31 0.269E-30
 40  0.70795E+00  688.56 0.125E-24 0.823E+00 0.145E-13 0.451E-37 0.269E-34 0.321E-35 0.451E-37 0.211E-08 0.163E+00 0.822E-02 0.467E-02 0.201E-07 0.141E-03 0.599E-03 0.474E-13 0.255E-03 0.398E-23 0.736E-12 0.125E-15 0.124E-15 0.933E-18 0.105E-27 0.852E-27
 41  0.10000E+01  762.82 0.257E-21 0.823E+00 0.521E-12 0.451E-37 0.598E-30 0.144E-31 0.251E-35 0.237E-07 0.163E+00 0.822E-02 0.467E-02 0.429E-06 0.840E-04 0.643E-03 0.135E-11 0.255E-03 0.318E-20 0.537E-10 0.244E-12 0.186E-13 0.868E-16 0.173E-24 0.117E-23
 42  0.14125E+01  844.75 0.297E-18 0.823E+00 0.129E-10 0.451E-37 0.617E-26 0.141E-27 0.176E-31 0.200E-06 0.163E+00 0.818E-02 0.464E-02 0.637E-05 0.526E-04 0.655E-03 0.274E-10 0.255E-03 0.123E-17 0.240E-08 0.149E-09 0.944E-12 0.551E-14 0.131E-21 0.758E-21
 43  0.19953E+01  934.95 0.110E-15 0.823E+00 0.228E-09 0.451E-37 0.163E-22 0.518E-24 0.202E-27 0.119E-05 0.163E+00 0.797E-02 0.442E-02 0.638E-04 0.356E-04 0.667E-03 0.423E-09 0.255E-03 0.245E-15 0.691E-07 0.171E-07 0.275E-10 0.200E-12 0.490E-19 0.246E-18
 44  0.28184E+01  990.83 0.126E-14 0.823E+00 0.959E-09 0.451E-37 0.566E-21 0.329E-22 0.233E-25 0.236E-05 0.163E+00 0.798E-02 0.443E-02 0.164E-03 0.339E-04 0.670E-03 0.196E-08 0.255E-03 0.338E-14 0.343E-06 0.796E-07 0.130E-09 0.106E-11 0.102E-17 0.478E-17
 45  0.39811E+01 1035.96 0.559E-14 0.824E+00 0.262E-08 0.451E-37 0.589E-20 0.625E-21 0.689E-24 0.277E-05 0.163E+00 0.767E-02 0.411E-02 0.240E-03 0.356E-04 0.666E-03 0.680E-08 0.256E-03 0.205E-13 0.996E-06 0.171E-06 0.288E-09 0.274E-11 0.885E-17 0.251E-16
 46  0.56234E+01 1074.53 0.166E-13 0.824E+00 0.556E-08 0.451E-37 0.354E-19 0.584E-20 0.909E-23 0.293E-05 0.163E+00 0.757E-02 0.401E-02 0.296E-03 0.399E-04 0.663E-03 0.186E-07 0.257E-03 0.790E-13 0.214E-05 0.293E-06 0.505E-09 0.534E-11 0.466E-16 0.814E-16
 47  0.79433E+01 1108.22 0.375E-13 0.824E+00 0.999E-08 0.451E-37 0.147E-18 0.336E-19 0.689E-22 0.293E-05 0.163E+00 0.765E-02 0.408E-02 0.329E-03 0.466E-04 0.662E-03 0.427E-07 0.258E-03 0.222E-12 0.368E-05 0.428E-06 0.753E-09 0.859E-11 0.175E-15 0.235E-15
 48  0.10000E+02 1131.17 0.598E-13 0.824E+00 0.145E-07 0.451E-37 0.347E-18 0.103E-18 0.253E-21 0.290E-05 0.163E+00 0.770E-02 0.414E-02 0.348E-03 0.518E-04 0.661E-03 0.733E-07 0.260E-03 0.428E-12 0.529E-05 0.496E-06 0.886E-09 0.110E-10 0.409E-15 0.605E-15
 49  0.15849E+02 1186.38 0.185E-12 0.824E+00 0.348E-07 0.451E-37 0.252E-17 0.138E-17 0.509E-20 0.278E-05 0.163E+00 0.755E-02 0.400E-02 0.401E-03 0.619E-04 0.651E-03 0.248E-06 0.263E-03 0.198E-11 0.122E-04 0.738E-06 0.137E-08 0.202E-10 0.283E-14 0.525E-14
 50  0.22387E+02 1240.85 0.495E-12 0.824E+00 0.793E-07 0.451E-37 0.140E-16 0.152E-16 0.809E-19 0.295E-05 0.163E+00 0.736E-02 0.377E-02 0.504E-03 0.681E-04 0.649E-03 0.689E-06 0.266E-03 0.839E-11 0.183E-04 0.908E-06 0.171E-08 0.285E-10 0.166E-13 0.358E-13
 51  0.31623E+02 1309.17 0.157E-11 0.824E+00 0.207E-06 0.451E-37 0.995E-16 0.238E-15 0.192E-17 0.387E-05 0.163E+00 0.731E-02 0.376E-02 0.786E-03 0.724E-04 0.649E-03 0.192E-05 0.273E-03 0.451E-10 0.320E-04 0.115E-05 0.220E-08 0.431E-10 0.127E-12 0.315E-12
 52  0.44668E+02 1389.07 0.498E-11 0.825E+00 0.569E-06 0.451E-37 0.719E-15 0.442E-14 0.556E-16 0.395E-05 0.163E+00 0.678E-02 0.320E-02 0.102E-02 0.756E-04 0.641E-03 0.405E-05 0.272E-03 0.264E-09 0.322E-04 0.125E-05 0.237E-08 0.519E-10 0.107E-11 0.290E-11
 53  0.63096E+02 1479.75 0.163E-10 0.825E+00 0.158E-05 0.451E-37 0.534E-14 0.812E-13 0.159E-14 0.422E-05 0.162E+00 0.640E-02 0.272E-02 0.136E-02 0.792E-04 0.639E-03 0.439E-05 0.272E-03 0.155E-08 0.329E-04 0.136E-05 0.257E-08 0.627E-10 0.905E-11 0.258E-10
 54  0.89125E+02 1584.71 0.546E-10 0.826E+00 0.445E-05 0.451E-37 0.407E-13 0.154E-11 0.469E-13 0.489E-05 0.162E+00 0.609E-02 0.245E-02 0.195E-02 0.829E-04 0.641E-03 0.414E-05 0.272E-03 0.928E-08 0.332E-04 0.149E-05 0.281E-08 0.770E-10 0.789E-10 0.229E-09
 55  0.12589E+03 1707.41 0.185E-09 0.827E+00 0.128E-04 0.161E-35 0.312E-12 0.307E-10 0.148E-11 0.463E-05 0.162E+00 0.554E-02 0.193E-02 0.238E-02 0.858E-04 0.635E-03 0.375E-05 0.272E-03 0.567E-07 0.335E-04 0.162E-05 0.308E-08 0.956E-10 0.705E-09 0.201E-08
 56  0.17783E+03 1857.63 0.667E-09 0.827E+00 0.391E-04 0.209E-32 0.260E-11 0.690E-09 0.512E-10 0.430E-05 0.162E+00 0.513E-02 0.138E-02 0.280E-02 0.880E-04 0.631E-03 0.322E-05 0.270E-03 0.364E-06 0.339E-04 0.177E-05 0.337E-08 0.120E-09 0.672E-08 0.188E-07
 57  0.25119E+03 2032.41 0.235E-08 0.827E+00 0.116E-03 0.233E-29 0.204E-10 0.127E-07 0.137E-08 0.415E-05 0.162E+00 0.478E-02 0.104E-02 0.337E-02 0.912E-04 0.631E-03 0.271E-05 0.267E-03 0.208E-05 0.342E-04 0.191E-05 0.365E-08 0.146E-09 0.569E-07 0.123E-06
 58  0.35481E+03 2219.43 0.708E-08 0.828E+00 0.304E-03 0.124E-26 0.127E-09 0.687E-07 0.205E-07 0.397E-05 0.162E+00 0.454E-02 0.846E-03 0.387E-02 0.979E-04 0.631E-03 0.229E-05 0.258E-03 0.935E-05 0.341E-04 0.198E-05 0.378E-08 0.163E-09 0.372E-06 0.291E-06
 59  0.50119E+03 2418.82 0.186E-07 0.827E+00 0.708E-03 0.338E-24 0.640E-09 0.738E-07 0.182E-06 0.430E-05 0.161E+00 0.499E-02 0.643E-03 0.425E-02 0.108E-03 0.632E-03 0.198E-05 0.240E-03 0.340E-04 0.337E-04 0.198E-05 0.376E-08 0.167E-09 0.194E-05 0.404E-06
 60  0.70795E+03 2630.01 0.429E-07 0.826E+00 0.148E-02 0.506E-22 0.265E-08 0.676E-07 0.141E-05 0.412E-05 0.161E+00 0.505E-02 0.566E-03 0.441E-02 0.123E-03 0.633E-03 0.177E-05 0.237E-03 0.122E-03 0.331E-04 0.195E-05 0.370E-08 0.166E-09 0.978E-05 0.547E-06
 61  0.10000E+04 2852.48 0.888E-07 0.826E+00 0.282E-02 0.434E-20 0.930E-08 0.552E-07 0.139E-05 0.381E-05 0.161E+00 0.497E-02 0.557E-03 0.448E-02 0.144E-03 0.633E-03 0.165E-05 0.239E-03 0.495E-03 0.325E-04 0.192E-05 0.361E-08 0.163E-09 0.548E-04 0.726E-06
