   25.000000000000000     
  1  0.10000E-05  243.86 0.451E-37 0.822E+00 0.451E-37 0.451E-37 0.451E-37 0.451E-37 0.451E-37 0.426E-20 0.163E+00 0.824E-02 0.468E-02 0.102E-24 0.615E-03 0.357E-03 0.451E-37 0.256E-03 0.451E-37 0.451E-37 0.451E-37 0.451E-37 0.451E-37 0.451E-37 0.451E-37
  2  0.14100E-05  237.52 0.451E-37 0.822E+00 0.451E-37 0.451E-37 0.451E-37 0.451E-37 0.451E-37 0.244E-21 0.164E+00 0.825E-02 0.469E-02 0.341E-26 0.980E-03 0.141E-03 0.451E-37 0.256E-03 0.451E-37 0.451E-37 0.451E-37 0.451E-37 0.451E-37 0.451E-37 0.451E-37
  3  0.20000E-05  234.81 0.451E-37 0.822E+00 0.451E-37 0.451E-37 0.451E-37 0.451E-37 0.451E-37 0.461E-22 0.164E+00 0.825E-02 0.469E-02 0.507E-27 0.116E-02 0.588E-04 0.451E-37 0.256E-03 0.451E-37 0.451E-37 0.451E-37 0.451E-37 0.451E-37 0.451E-37 0.451E-37
  4  0.28200E-05  234.38 0.451E-37 0.822E+00 0.451E-37 0.451E-37 0.451E-37 0.451E-37 0.451E-37 0.199E-22 0.164E+00 0.825E-02 0.469E-02 0.210E-27 0.128E-02 0.327E-04 0.451E-37 0.256E-03 0.451E-37 0.451E-37 0.451E-37 0.451E-37 0.451E-37 0.451E-37 0.451E-37
  5  0.39800E-05  235.03 0.451E-37 0.822E+00 0.451E-37 0.451E-37 0.451E-37 0.451E-37 0.451E-37 0.126E-22 0.164E+00 0.825E-02 0.469E-02 0.141E-27 0.131E-02 0.195E-04 0.451E-37 0.256E-03 0.451E-37 0.451E-37 0.451E-37 0.451E-37 0.451E-37 0.451E-37 0.451E-37
  6  0.56200E-05  236.15 0.451E-37 0.822E+00 0.451E-37 0.451E-37 0.451E-37 0.451E-37 0.451E-37 0.947E-23 0.164E+00 0.825E-02 0.469E-02 0.117E-27 0.132E-02 0.125E-04 0.451E-37 0.256E-03 0.451E-37 0.451E-37 0.451E-37 0.451E-37 0.451E-37 0.451E-37 0.451E-37
  7  0.79400E-05  237.51 0.451E-37 0.822E+00 0.451E-37 0.451E-37 0.451E-37 0.451E-37 0.451E-37 0.767E-23 0.164E+00 0.825E-02 0.469E-02 0.107E-27 0.135E-02 0.838E-05 0.451E-37 0.256E-03 0.451E-37 0.451E-37 0.451E-37 0.451E-37 0.451E-37 0.451E-37 0.451E-37
  8  0.11220E-04  238.96 0.451E-37 0.822E+00 0.451E-37 0.451E-37 0.451E-37 0.451E-37 0.451E-37 0.640E-23 0.164E+00 0.825E-02 0.469E-02 0.101E-27 0.137E-02 0.570E-05 0.451E-37 0.256E-03 0.451E-37 0.451E-37 0.451E-37 0.451E-37 0.451E-37 0.451E-37 0.451E-37
  9  0.15850E-04  240.27 0.451E-37 0.822E+00 0.451E-37 0.451E-37 0.451E-37 0.451E-37 0.451E-37 0.505E-23 0.164E+00 0.825E-02 0.469E-02 0.895E-28 0.137E-02 0.366E-05 0.451E-37 0.256E-03 0.451E-37 0.451E-37 0.451E-37 0.451E-37 0.451E-37 0.451E-37 0.451E-37
 10  0.22390E-04  241.05 0.451E-37 0.822E+00 0.451E-37 0.451E-37 0.451E-37 0.451E-37 0.451E-37 0.331E-23 0.164E+00 0.825E-02 0.469E-02 0.626E-28 0.137E-02 0.213E-05 0.451E-37 0.256E-03 0.451E-37 0.451E-37 0.451E-37 0.451E-37 0.451E-37 0.451E-37 0.451E-37
 11  0.31620E-04  241.10 0.451E-37 0.822E+00 0.451E-37 0.451E-37 0.451E-37 0.451E-37 0.451E-37 0.169E-23 0.164E+00 0.825E-02 0.469E-02 0.321E-28 0.138E-02 0.109E-05 0.451E-37 0.256E-03 0.451E-37 0.451E-37 0.451E-37 0.451E-37 0.451E-37 0.451E-37 0.451E-37
 12  0.44670E-04  240.48 0.451E-37 0.822E+00 0.451E-37 0.451E-37 0.451E-37 0.451E-37 0.451E-37 0.682E-24 0.164E+00 0.825E-02 0.469E-02 0.123E-28 0.138E-02 0.486E-06 0.451E-37 0.256E-03 0.451E-37 0.451E-37 0.451E-37 0.451E-37 0.451E-37 0.451E-37 0.451E-37
 13  0.63100E-04  239.26 0.451E-37 0.822E+00 0.451E-37 0.451E-37 0.451E-37 0.451E-37 0.451E-37 0.224E-24 0.164E+00 0.825E-02 0.469E-02 0.364E-29 0.138E-02 0.194E-06 0.451E-37 0.256E-03 0.451E-37 0.451E-37 0.451E-37 0.451E-37 0.451E-37 0.451E-37 0.451E-37
 14  0.89120E-04  237.42 0.451E-37 0.822E+00 0.451E-37 0.451E-37 0.451E-37 0.451E-37 0.451E-37 0.592E-25 0.164E+00 0.825E-02 0.469E-02 0.819E-30 0.138E-02 0.690E-07 0.451E-37 0.256E-03 0.451E-37 0.451E-37 0.451E-37 0.451E-37 0.451E-37 0.451E-37 0.451E-37
 15  0.12589E-03  234.89 0.451E-37 0.822E+00 0.451E-37 0.451E-37 0.451E-37 0.451E-37 0.451E-37 0.120E-25 0.164E+00 0.825E-02 0.469E-02 0.133E-30 0.138E-02 0.213E-07 0.451E-37 0.256E-03 0.451E-37 0.451E-37 0.451E-37 0.451E-37 0.451E-37 0.451E-37 0.451E-37
 16  0.17783E-03  231.93 0.451E-37 0.822E+00 0.451E-37 0.451E-37 0.451E-37 0.451E-37 0.451E-37 0.204E-26 0.164E+00 0.825E-02 0.469E-02 0.173E-31 0.138E-02 0.596E-08 0.451E-37 0.256E-03 0.451E-37 0.451E-37 0.451E-37 0.451E-37 0.451E-37 0.451E-37 0.451E-37
 17  0.25119E-03  228.72 0.451E-37 0.822E+00 0.451E-37 0.451E-37 0.451E-37 0.451E-37 0.451E-37 0.307E-27 0.164E+00 0.825E-02 0.469E-02 0.193E-32 0.138E-02 0.156E-08 0.451E-37 0.256E-03 0.451E-37 0.451E-37 0.451E-37 0.451E-37 0.451E-37 0.451E-37 0.451E-37
 18  0.35481E-03  224.98 0.451E-37 0.822E+00 0.451E-37 0.451E-37 0.451E-37 0.451E-37 0.451E-37 0.362E-28 0.164E+00 0.825E-02 0.469E-02 0.159E-33 0.138E-02 0.361E-09 0.451E-37 0.256E-03 0.451E-37 0.451E-37 0.451E-37 0.451E-37 0.451E-37 0.451E-37 0.451E-37
 19  0.50119E-03  220.83 0.451E-37 0.822E+00 0.451E-37 0.451E-37 0.451E-37 0.451E-37 0.451E-37 0.345E-29 0.164E+00 0.825E-02 0.469E-02 0.100E-34 0.138E-02 0.744E-10 0.451E-37 0.256E-03 0.451E-37 0.451E-37 0.451E-37 0.451E-37 0.451E-37 0.451E-37 0.451E-37
 20  0.70795E-03  217.11 0.451E-37 0.822E+00 0.451E-37 0.451E-37 0.451E-37 0.451E-37 0.451E-37 0.344E-30 0.164E+00 0.798E-02 0.469E-02 0.104E-35 0.138E-02 0.163E-10 0.451E-37 0.256E-03 0.451E-37 0.451E-37 0.451E-37 0.451E-37 0.451E-37 0.451E-37 0.451E-37
 21  0.10000E-02  214.79 0.451E-37 0.822E+00 0.451E-37 0.451E-37 0.451E-37 0.451E-37 0.451E-37 0.577E-31 0.164E+00 0.758E-02 0.469E-02 0.263E-36 0.138E-02 0.484E-11 0.451E-37 0.256E-03 0.451E-37 0.451E-37 0.451E-37 0.451E-37 0.451E-37 0.451E-37 0.451E-37
 22  0.14125E-02  214.07 0.452E-37 0.823E+00 0.452E-37 0.452E-37 0.452E-37 0.452E-37 0.452E-37 0.139E-31 0.164E+00 0.613E-02 0.469E-02 0.152E-36 0.138E-02 0.206E-11 0.452E-37 0.256E-03 0.452E-37 0.452E-37 0.452E-37 0.452E-37 0.452E-37 0.452E-37 0.452E-37
 23  0.19953E-02  213.97 0.452E-37 0.824E+00 0.452E-37 0.452E-37 0.452E-37 0.452E-37 0.452E-37 0.437E-32 0.164E+00 0.497E-02 0.470E-02 0.112E-36 0.139E-02 0.101E-11 0.452E-37 0.256E-03 0.452E-37 0.452E-37 0.452E-37 0.452E-37 0.452E-37 0.452E-37 0.452E-37
 24  0.28184E-02  214.01 0.453E-37 0.825E+00 0.453E-37 0.453E-37 0.453E-37 0.453E-37 0.453E-37 0.150E-32 0.164E+00 0.408E-02 0.470E-02 0.848E-37 0.139E-02 0.510E-12 0.453E-37 0.257E-03 0.453E-37 0.453E-37 0.453E-37 0.453E-37 0.453E-37 0.453E-37 0.453E-37
 25  0.39811E-02  214.45 0.453E-37 0.825E+00 0.453E-37 0.453E-37 0.453E-37 0.453E-37 0.453E-37 0.547E-33 0.164E+00 0.316E-02 0.471E-02 0.739E-37 0.139E-02 0.284E-12 0.453E-37 0.257E-03 0.453E-37 0.453E-37 0.453E-37 0.453E-37 0.453E-37 0.453E-37 0.453E-37
 26  0.56234E-02  215.27 0.453E-37 0.826E+00 0.453E-37 0.453E-37 0.453E-37 0.453E-37 0.453E-37 0.246E-33 0.164E+00 0.251E-02 0.471E-02 0.650E-37 0.139E-02 0.172E-12 0.453E-37 0.257E-03 0.453E-37 0.453E-37 0.453E-37 0.453E-37 0.453E-37 0.453E-37 0.453E-37
 27  0.79433E-02  216.38 0.454E-37 0.826E+00 0.454E-37 0.454E-37 0.454E-37 0.454E-37 0.454E-37 0.136E-33 0.165E+00 0.208E-02 0.471E-02 0.540E-37 0.139E-02 0.111E-12 0.454E-37 0.257E-03 0.454E-37 0.454E-37 0.454E-37 0.454E-37 0.454E-37 0.454E-37 0.454E-37
 28  0.11220E-01  218.09 0.454E-37 0.827E+00 0.454E-37 0.454E-37 0.454E-37 0.454E-37 0.454E-37 0.116E-33 0.165E+00 0.186E-02 0.472E-02 0.454E-37 0.139E-02 0.816E-13 0.454E-37 0.257E-03 0.454E-37 0.454E-37 0.454E-37 0.454E-37 0.454E-37 0.454E-37 0.454E-37
 29  0.15849E-01  220.60 0.454E-37 0.827E+00 0.454E-37 0.454E-37 0.454E-37 0.454E-37 0.454E-37 0.150E-33 0.165E+00 0.181E-02 0.472E-02 0.532E-37 0.139E-02 0.711E-13 0.454E-37 0.257E-03 0.454E-37 0.454E-37 0.454E-37 0.454E-37 0.454E-37 0.454E-37 0.454E-37
 30  0.22387E-01  223.84 0.454E-37 0.827E+00 0.454E-37 0.454E-37 0.454E-37 0.454E-37 0.454E-37 0.310E-33 0.165E+00 0.191E-02 0.471E-02 0.834E-37 0.139E-02 0.718E-13 0.454E-37 0.257E-03 0.454E-37 0.454E-37 0.454E-37 0.454E-37 0.454E-37 0.454E-37 0.454E-37
 31  0.31623E-01  228.12 0.454E-37 0.827E+00 0.454E-37 0.454E-37 0.454E-37 0.454E-37 0.454E-37 0.118E-32 0.165E+00 0.229E-02 0.471E-02 0.777E-37 0.139E-02 0.878E-13 0.454E-37 0.257E-03 0.454E-37 0.454E-37 0.454E-37 0.454E-37 0.454E-37 0.454E-37 0.454E-37
 32  0.44668E-01  234.18 0.453E-37 0.825E+00 0.453E-37 0.453E-37 0.453E-37 0.453E-37 0.453E-37 0.108E-31 0.164E+00 0.317E-02 0.471E-02 0.512E-36 0.139E-02 0.148E-12 0.453E-37 0.257E-03 0.453E-37 0.453E-37 0.453E-37 0.453E-37 0.453E-37 0.453E-37 0.453E-37
 33  0.63096E-01  244.66 0.452E-37 0.823E+00 0.452E-37 0.452E-37 0.452E-37 0.452E-37 0.452E-37 0.667E-30 0.164E+00 0.568E-02 0.470E-02 0.248E-34 0.138E-02 0.527E-12 0.452E-37 0.256E-03 0.452E-37 0.452E-37 0.452E-37 0.452E-37 0.452E-37 0.452E-37 0.452E-37
 34  0.89125E-01  262.30 0.451E-37 0.822E+00 0.451E-37 0.451E-37 0.451E-37 0.451E-37 0.451E-37 0.168E-27 0.164E+00 0.825E-02 0.469E-02 0.167E-31 0.138E-02 0.514E-11 0.651E-37 0.256E-03 0.451E-37 0.451E-37 0.451E-37 0.451E-37 0.451E-37 0.451E-37 0.451E-37
 35  0.12589E+00  291.47 0.451E-37 0.822E+00 0.833E-36 0.451E-37 0.451E-37 0.451E-37 0.451E-37 0.166E-24 0.164E+00 0.825E-02 0.469E-02 0.108E-27 0.138E-02 0.167E-09 0.181E-33 0.256E-03 0.451E-37 0.451E-37 0.451E-37 0.451E-37 0.451E-37 0.451E-37 0.451E-37
 36  0.17783E+00  323.59 0.450E-37 0.822E+00 0.529E-32 0.450E-37 0.450E-37 0.450E-37 0.450E-37 0.722E-22 0.163E+00 0.823E-02 0.468E-02 0.253E-24 0.138E-02 0.362E-08 0.867E-30 0.255E-03 0.450E-37 0.450E-37 0.450E-37 0.450E-37 0.450E-37 0.450E-37 0.450E-37
 37  0.25119E+00  359.01 0.450E-37 0.822E+00 0.133E-28 0.450E-37 0.450E-37 0.450E-37 0.450E-37 0.156E-19 0.163E+00 0.823E-02 0.468E-02 0.246E-21 0.138E-02 0.565E-07 0.142E-26 0.255E-03 0.450E-37 0.450E-37 0.450E-37 0.450E-37 0.450E-37 0.450E-37 0.450E-37
 38  0.35481E+00  398.16 0.451E-37 0.822E+00 0.150E-25 0.451E-37 0.451E-37 0.451E-37 0.451E-37 0.174E-17 0.163E+00 0.823E-02 0.468E-02 0.107E-18 0.138E-02 0.651E-06 0.107E-23 0.255E-03 0.451E-37 0.213E-27 0.451E-37 0.451E-37 0.451E-37 0.451E-37 0.451E-37
 39  0.50119E+00  441.47 0.451E-37 0.822E+00 0.824E-23 0.451E-37 0.451E-37 0.451E-37 0.451E-37 0.136E-15 0.163E+00 0.823E-02 0.468E-02 0.277E-16 0.136E-02 0.559E-05 0.409E-21 0.255E-03 0.451E-37 0.204E-23 0.353E-34 0.318E-33 0.144E-33 0.451E-37 0.451E-37
 40  0.70795E+00  489.42 0.451E-37 0.822E+00 0.240E-20 0.451E-37 0.451E-37 0.451E-37 0.451E-37 0.690E-14 0.163E+00 0.823E-02 0.468E-02 0.409E-14 0.125E-02 0.333E-04 0.848E-19 0.255E-03 0.804E-36 0.236E-20 0.207E-29 0.144E-28 0.701E-29 0.451E-37 0.451E-37
 41  0.10000E+01  542.52 0.991E-34 0.822E+00 0.395E-18 0.451E-37 0.451E-37 0.451E-37 0.451E-37 0.236E-12 0.163E+00 0.823E-02 0.467E-02 0.363E-12 0.988E-03 0.116E-03 0.101E-16 0.255E-03 0.976E-32 0.128E-17 0.403E-25 0.224E-24 0.116E-24 0.164E-35 0.720E-35
 42  0.14125E+01  601.31 0.545E-30 0.823E+00 0.389E-16 0.451E-37 0.451E-37 0.451E-37 0.451E-37 0.551E-11 0.163E+00 0.822E-02 0.467E-02 0.198E-10 0.688E-03 0.257E-03 0.747E-15 0.255E-03 0.553E-28 0.355E-15 0.320E-21 0.145E-20 0.260E-21 0.900E-33 0.957E-32
 43  0.19953E+01  666.39 0.206E-26 0.823E+00 0.241E-14 0.451E-37 0.559E-36 0.229E-36 0.451E-37 0.923E-10 0.163E+00 0.822E-02 0.467E-02 0.706E-09 0.450E-03 0.417E-03 0.356E-13 0.255E-03 0.128E-24 0.534E-13 0.123E-17 0.337E-17 0.829E-19 0.466E-29 0.404E-28
 44  0.28184E+01  738.32 0.410E-23 0.823E+00 0.978E-13 0.451E-37 0.804E-32 0.194E-33 0.159E-36 0.114E-08 0.163E+00 0.822E-02 0.467E-02 0.170E-07 0.285E-03 0.536E-03 0.114E-11 0.255E-03 0.130E-21 0.460E-11 0.263E-14 0.172E-14 0.746E-17 0.999E-26 0.719E-25
 45  0.39811E+01  817.75 0.491E-20 0.823E+00 0.271E-11 0.451E-37 0.924E-28 0.268E-29 0.226E-33 0.106E-07 0.163E+00 0.822E-02 0.467E-02 0.284E-06 0.180E-03 0.578E-03 0.256E-10 0.255E-03 0.629E-19 0.239E-09 0.292E-11 0.948E-13 0.516E-15 0.964E-23 0.587E-22
 46  0.56234E+01  905.24 0.425E-17 0.823E+00 0.531E-10 0.451E-37 0.610E-24 0.132E-25 0.361E-29 0.755E-07 0.163E+00 0.821E-02 0.466E-02 0.339E-05 0.121E-03 0.616E-03 0.418E-09 0.255E-03 0.154E-16 0.789E-08 0.130E-08 0.351E-11 0.235E-13 0.449E-20 0.236E-19
 47  0.79433E+01  990.10 0.339E-15 0.823E+00 0.560E-09 0.451E-37 0.253E-21 0.109E-22 0.763E-26 0.320E-06 0.163E+00 0.817E-02 0.462E-02 0.216E-04 0.934E-04 0.636E-03 0.406E-08 0.255E-03 0.116E-14 0.119E-06 0.294E-07 0.515E-10 0.413E-12 0.586E-18 0.274E-17
 48  0.10000E+02 1036.57 0.203E-14 0.823E+00 0.168E-08 0.451E-37 0.342E-20 0.252E-21 0.275E-24 0.559E-06 0.163E+00 0.813E-02 0.458E-02 0.457E-04 0.875E-04 0.643E-03 0.126E-07 0.255E-03 0.841E-14 0.404E-06 0.856E-07 0.142E-09 0.129E-11 0.576E-17 0.162E-16
 49  0.15849E+02 1118.35 0.249E-13 0.823E+00 0.880E-08 0.451E-37 0.156E-18 0.302E-19 0.665E-22 0.104E-05 0.163E+00 0.796E-02 0.441E-02 0.116E-03 0.863E-04 0.637E-03 0.796E-07 0.257E-03 0.165E-12 0.243E-05 0.314E-06 0.548E-09 0.615E-11 0.190E-15 0.267E-15
 50  0.22387E+02 1187.15 0.135E-12 0.824E+00 0.297E-07 0.451E-37 0.221E-17 0.998E-18 0.367E-20 0.162E-05 0.163E+00 0.782E-02 0.427E-02 0.226E-03 0.863E-04 0.640E-03 0.307E-06 0.261E-03 0.144E-11 0.886E-05 0.625E-06 0.115E-08 0.161E-10 0.245E-14 0.456E-14
 51  0.31623E+02 1267.70 0.663E-12 0.824E+00 0.105E-06 0.451E-37 0.289E-16 0.371E-16 0.232E-18 0.255E-05 0.163E+00 0.762E-02 0.407E-02 0.450E-03 0.852E-04 0.642E-03 0.117E-05 0.269E-03 0.135E-10 0.212E-04 0.937E-06 0.178E-08 0.309E-10 0.343E-13 0.784E-13
 52  0.44668E+02 1360.10 0.301E-11 0.825E+00 0.376E-06 0.451E-37 0.346E-15 0.141E-14 0.151E-16 0.322E-05 0.163E+00 0.704E-02 0.345E-02 0.756E-03 0.835E-04 0.636E-03 0.331E-05 0.272E-03 0.126E-09 0.306E-04 0.117E-05 0.223E-08 0.463E-10 0.479E-12 0.126E-11
 53  0.63096E+02 1459.51 0.120E-10 0.825E+00 0.122E-05 0.451E-37 0.342E-14 0.404E-13 0.716E-15 0.382E-05 0.163E+00 0.658E-02 0.291E-02 0.116E-02 0.842E-04 0.637E-03 0.443E-05 0.273E-03 0.986E-09 0.328E-04 0.131E-05 0.250E-08 0.591E-10 0.554E-11 0.157E-10
 54  0.89125E+02 1570.49 0.453E-10 0.826E+00 0.381E-05 0.451E-37 0.311E-13 0.101E-11 0.289E-13 0.469E-05 0.162E+00 0.621E-02 0.257E-02 0.179E-02 0.860E-04 0.640E-03 0.420E-05 0.272E-03 0.706E-08 0.331E-04 0.146E-05 0.276E-08 0.742E-10 0.585E-10 0.169E-09
 55  0.12589E+03 1697.22 0.165E-09 0.826E+00 0.116E-04 0.992E-36 0.265E-12 0.237E-10 0.110E-11 0.460E-05 0.162E+00 0.562E-02 0.202E-02 0.230E-02 0.878E-04 0.634E-03 0.380E-05 0.272E-03 0.480E-07 0.334E-04 0.160E-05 0.304E-08 0.933E-10 0.587E-09 0.168E-08
 56  0.17783E+03 1849.22 0.616E-09 0.827E+00 0.366E-04 0.142E-32 0.232E-11 0.576E-09 0.418E-10 0.429E-05 0.162E+00 0.518E-02 0.143E-02 0.275E-02 0.894E-04 0.631E-03 0.326E-05 0.271E-03 0.326E-06 0.338E-04 0.176E-05 0.335E-08 0.118E-09 0.595E-08 0.166E-07
 57  0.25119E+03 2023.39 0.219E-08 0.827E+00 0.109E-03 0.165E-29 0.185E-10 0.111E-07 0.116E-08 0.416E-05 0.162E+00 0.481E-02 0.108E-02 0.333E-02 0.925E-04 0.630E-03 0.275E-05 0.268E-03 0.189E-05 0.342E-04 0.190E-05 0.363E-08 0.145E-09 0.511E-07 0.117E-06
 58  0.35481E+03 2209.83 0.666E-08 0.828E+00 0.288E-03 0.907E-27 0.117E-09 0.681E-07 0.178E-07 0.397E-05 0.162E+00 0.455E-02 0.882E-03 0.384E-02 0.991E-04 0.630E-03 0.233E-05 0.259E-03 0.857E-05 0.341E-04 0.197E-05 0.378E-08 0.162E-09 0.338E-06 0.288E-06
 59  0.50119E+03 2408.61 0.176E-07 0.827E+00 0.675E-03 0.256E-24 0.593E-09 0.738E-07 0.162E-06 0.426E-05 0.161E+00 0.494E-02 0.677E-03 0.423E-02 0.109E-03 0.632E-03 0.201E-05 0.242E-03 0.315E-04 0.337E-04 0.198E-05 0.376E-08 0.167E-09 0.178E-05 0.401E-06
 60  0.70795E+03 2619.22 0.409E-07 0.826E+00 0.142E-02 0.393E-22 0.248E-08 0.683E-07 0.141E-05 0.414E-05 0.161E+00 0.505E-02 0.588E-03 0.441E-02 0.125E-03 0.633E-03 0.179E-05 0.237E-03 0.111E-03 0.332E-04 0.195E-05 0.370E-08 0.166E-09 0.881E-05 0.544E-06
 61  0.10000E+04 2841.21 0.851E-07 0.826E+00 0.272E-02 0.347E-20 0.877E-08 0.559E-07 0.139E-05 0.382E-05 0.161E+00 0.497E-02 0.576E-03 0.448E-02 0.146E-03 0.633E-03 0.167E-05 0.239E-03 0.496E-03 0.325E-04 0.192E-05 0.362E-08 0.164E-09 0.545E-04 0.722E-06
