   25.000000000000000     
  1  0.10000E-05  162.36 0.454E-37 0.827E+00 0.454E-37 0.454E-37 0.454E-37 0.454E-37 0.454E-37 0.102E-36 0.165E+00 0.126E-02 0.471E-02 0.454E-37 0.139E-02 0.732E-12 0.454E-37 0.257E-03 0.454E-37 0.454E-37 0.454E-37 0.454E-37 0.454E-37 0.454E-37 0.454E-37
  2  0.14100E-05  157.22 0.455E-37 0.828E+00 0.455E-37 0.455E-37 0.455E-37 0.455E-37 0.455E-37 0.455E-37 0.165E+00 0.258E-03 0.472E-02 0.455E-37 0.139E-02 0.462E-13 0.455E-37 0.258E-03 0.455E-37 0.455E-37 0.455E-37 0.455E-37 0.455E-37 0.455E-37 0.455E-37
  3  0.20000E-05  156.64 0.455E-37 0.828E+00 0.455E-37 0.455E-37 0.455E-37 0.455E-37 0.455E-37 0.455E-37 0.165E+00 0.157E-03 0.472E-02 0.455E-37 0.139E-02 0.180E-13 0.455E-37 0.258E-03 0.455E-37 0.455E-37 0.455E-37 0.455E-37 0.455E-37 0.455E-37 0.455E-37
  4  0.28200E-05  156.06 0.455E-37 0.829E+00 0.455E-37 0.455E-37 0.455E-37 0.455E-37 0.455E-37 0.455E-37 0.165E+00 0.964E-04 0.472E-02 0.455E-37 0.139E-02 0.711E-14 0.455E-37 0.258E-03 0.455E-37 0.455E-37 0.455E-37 0.455E-37 0.455E-37 0.455E-37 0.455E-37
  5  0.39800E-05  155.62 0.455E-37 0.829E+00 0.455E-37 0.455E-37 0.455E-37 0.455E-37 0.455E-37 0.455E-37 0.165E+00 0.611E-04 0.473E-02 0.455E-37 0.139E-02 0.296E-14 0.455E-37 0.258E-03 0.455E-37 0.455E-37 0.455E-37 0.455E-37 0.455E-37 0.455E-37 0.455E-37
  6  0.56200E-05  155.08 0.455E-37 0.829E+00 0.455E-37 0.455E-37 0.455E-37 0.455E-37 0.455E-37 0.455E-37 0.165E+00 0.377E-04 0.473E-02 0.455E-37 0.139E-02 0.118E-14 0.455E-37 0.258E-03 0.455E-37 0.455E-37 0.455E-37 0.455E-37 0.455E-37 0.455E-37 0.455E-37
  7  0.79400E-05  154.49 0.455E-37 0.829E+00 0.455E-37 0.455E-37 0.455E-37 0.455E-37 0.455E-37 0.455E-37 0.165E+00 0.229E-04 0.473E-02 0.455E-37 0.139E-02 0.458E-15 0.455E-37 0.258E-03 0.455E-37 0.455E-37 0.455E-37 0.455E-37 0.455E-37 0.455E-37 0.455E-37
  8  0.11220E-04  153.74 0.455E-37 0.829E+00 0.455E-37 0.455E-37 0.455E-37 0.455E-37 0.455E-37 0.455E-37 0.165E+00 0.133E-04 0.473E-02 0.455E-37 0.139E-02 0.166E-15 0.455E-37 0.245E-03 0.455E-37 0.455E-37 0.455E-37 0.455E-37 0.455E-37 0.455E-37 0.455E-37
  9  0.15850E-04  152.81 0.455E-37 0.829E+00 0.455E-37 0.455E-37 0.455E-37 0.455E-37 0.455E-37 0.455E-37 0.165E+00 0.739E-05 0.473E-02 0.455E-37 0.139E-02 0.554E-16 0.455E-37 0.202E-03 0.455E-37 0.455E-37 0.455E-37 0.455E-37 0.455E-37 0.455E-37 0.455E-37
 10  0.22390E-04  151.70 0.455E-37 0.829E+00 0.455E-37 0.455E-37 0.455E-37 0.455E-37 0.455E-37 0.455E-37 0.165E+00 0.390E-05 0.473E-02 0.455E-37 0.139E-02 0.170E-16 0.455E-37 0.157E-03 0.455E-37 0.455E-37 0.455E-37 0.455E-37 0.455E-37 0.455E-37 0.455E-37
 11  0.31620E-04  150.53 0.455E-37 0.829E+00 0.455E-37 0.455E-37 0.455E-37 0.455E-37 0.455E-37 0.455E-37 0.165E+00 0.201E-05 0.473E-02 0.455E-37 0.139E-02 0.501E-17 0.455E-37 0.113E-03 0.455E-37 0.455E-37 0.455E-37 0.455E-37 0.455E-37 0.455E-37 0.455E-37
 12  0.44670E-04  149.18 0.455E-37 0.829E+00 0.455E-37 0.455E-37 0.455E-37 0.455E-37 0.455E-37 0.455E-37 0.165E+00 0.983E-06 0.473E-02 0.455E-37 0.139E-02 0.136E-17 0.455E-37 0.620E-04 0.455E-37 0.455E-37 0.455E-37 0.455E-37 0.455E-37 0.455E-37 0.455E-37
 13  0.63100E-04  147.92 0.455E-37 0.829E+00 0.455E-37 0.455E-37 0.455E-37 0.455E-37 0.455E-37 0.455E-37 0.165E+00 0.488E-06 0.473E-02 0.455E-37 0.139E-02 0.379E-18 0.455E-37 0.319E-04 0.455E-37 0.455E-37 0.455E-37 0.455E-37 0.455E-37 0.455E-37 0.455E-37
 14  0.89120E-04  147.04 0.455E-37 0.829E+00 0.455E-37 0.455E-37 0.455E-37 0.455E-37 0.455E-37 0.455E-37 0.165E+00 0.270E-06 0.473E-02 0.455E-37 0.139E-02 0.126E-18 0.455E-37 0.181E-04 0.455E-37 0.455E-37 0.455E-37 0.455E-37 0.455E-37 0.455E-37 0.455E-37
 15  0.12589E-03  146.26 0.455E-37 0.829E+00 0.455E-37 0.455E-37 0.455E-37 0.455E-37 0.455E-37 0.455E-37 0.165E+00 0.152E-06 0.473E-02 0.455E-37 0.139E-02 0.434E-19 0.455E-37 0.104E-04 0.455E-37 0.455E-37 0.455E-37 0.455E-37 0.455E-37 0.455E-37 0.455E-37
 16  0.17783E-03  145.38 0.455E-37 0.829E+00 0.455E-37 0.455E-37 0.455E-37 0.455E-37 0.455E-37 0.455E-37 0.165E+00 0.835E-07 0.473E-02 0.455E-37 0.139E-02 0.142E-19 0.455E-37 0.587E-05 0.455E-37 0.455E-37 0.455E-37 0.455E-37 0.455E-37 0.455E-37 0.455E-37
 17  0.25119E-03  143.93 0.455E-37 0.829E+00 0.455E-37 0.455E-37 0.455E-37 0.455E-37 0.455E-37 0.455E-37 0.165E+00 0.386E-07 0.473E-02 0.455E-37 0.139E-02 0.352E-20 0.455E-37 0.284E-05 0.455E-37 0.455E-37 0.455E-37 0.455E-37 0.455E-37 0.455E-37 0.455E-37
 18  0.35481E-03  141.75 0.455E-37 0.829E+00 0.455E-37 0.455E-37 0.455E-37 0.455E-37 0.455E-37 0.455E-37 0.165E+00 0.141E-07 0.473E-02 0.455E-37 0.139E-02 0.590E-21 0.455E-37 0.111E-05 0.455E-37 0.455E-37 0.455E-37 0.455E-37 0.455E-37 0.455E-37 0.455E-37
 19  0.50119E-03  139.05 0.455E-37 0.829E+00 0.455E-37 0.455E-37 0.455E-37 0.455E-37 0.455E-37 0.455E-37 0.165E+00 0.429E-08 0.473E-02 0.455E-37 0.139E-02 0.727E-22 0.455E-37 0.366E-06 0.455E-37 0.455E-37 0.455E-37 0.455E-37 0.455E-37 0.455E-37 0.455E-37
 20  0.70795E-03  136.49 0.455E-37 0.829E+00 0.455E-37 0.455E-37 0.455E-37 0.455E-37 0.455E-37 0.455E-37 0.165E+00 0.132E-08 0.473E-02 0.455E-37 0.139E-02 0.926E-23 0.455E-37 0.123E-06 0.455E-37 0.455E-37 0.455E-37 0.455E-37 0.455E-37 0.455E-37 0.455E-37
 21  0.10000E-02  134.49 0.455E-37 0.829E+00 0.455E-37 0.455E-37 0.455E-37 0.455E-37 0.455E-37 0.455E-37 0.165E+00 0.478E-09 0.473E-02 0.455E-37 0.139E-02 0.153E-23 0.455E-37 0.475E-07 0.455E-37 0.455E-37 0.455E-37 0.455E-37 0.455E-37 0.455E-37 0.455E-37
 22  0.14125E-02  132.89 0.455E-37 0.829E+00 0.455E-37 0.455E-37 0.455E-37 0.455E-37 0.455E-37 0.455E-37 0.165E+00 0.195E-09 0.473E-02 0.455E-37 0.139E-02 0.308E-24 0.455E-37 0.205E-07 0.455E-37 0.455E-37 0.455E-37 0.455E-37 0.455E-37 0.455E-37 0.455E-37
 23  0.19953E-02  131.53 0.455E-37 0.829E+00 0.455E-37 0.455E-37 0.455E-37 0.455E-37 0.455E-37 0.455E-37 0.165E+00 0.852E-10 0.473E-02 0.455E-37 0.139E-02 0.698E-25 0.455E-37 0.940E-08 0.455E-37 0.455E-37 0.455E-37 0.455E-37 0.455E-37 0.455E-37 0.455E-37
 24  0.28184E-02  130.71 0.455E-37 0.829E+00 0.455E-37 0.455E-37 0.455E-37 0.455E-37 0.455E-37 0.455E-37 0.165E+00 0.450E-10 0.473E-02 0.455E-37 0.139E-02 0.215E-25 0.455E-37 0.511E-08 0.455E-37 0.455E-37 0.455E-37 0.455E-37 0.455E-37 0.455E-37 0.455E-37
 25  0.39811E-02  131.30 0.455E-37 0.829E+00 0.455E-37 0.455E-37 0.455E-37 0.455E-37 0.455E-37 0.455E-37 0.165E+00 0.393E-10 0.473E-02 0.455E-37 0.113E-02 0.594E-26 0.455E-37 0.437E-08 0.455E-37 0.455E-37 0.455E-37 0.455E-37 0.455E-37 0.455E-37 0.455E-37
 26  0.56234E-02  132.39 0.455E-37 0.829E+00 0.455E-37 0.455E-37 0.455E-37 0.455E-37 0.455E-37 0.455E-37 0.165E+00 0.410E-10 0.473E-02 0.455E-37 0.927E-03 0.236E-26 0.455E-37 0.439E-08 0.455E-37 0.455E-37 0.455E-37 0.455E-37 0.455E-37 0.455E-37 0.455E-37
 27  0.79433E-02  133.40 0.455E-37 0.829E+00 0.455E-37 0.455E-37 0.455E-37 0.455E-37 0.455E-37 0.455E-37 0.165E+00 0.414E-10 0.473E-02 0.455E-37 0.809E-03 0.116E-26 0.455E-37 0.427E-08 0.455E-37 0.455E-37 0.455E-37 0.455E-37 0.455E-37 0.455E-37 0.455E-37
 28  0.11220E-01  134.60 0.455E-37 0.829E+00 0.455E-37 0.455E-37 0.455E-37 0.455E-37 0.455E-37 0.455E-37 0.165E+00 0.442E-10 0.473E-02 0.455E-37 0.755E-03 0.895E-27 0.455E-37 0.437E-08 0.455E-37 0.455E-37 0.455E-37 0.455E-37 0.455E-37 0.455E-37 0.455E-37
 29  0.15849E-01  135.88 0.455E-37 0.829E+00 0.455E-37 0.455E-37 0.455E-37 0.455E-37 0.455E-37 0.455E-37 0.165E+00 0.483E-10 0.473E-02 0.455E-37 0.744E-03 0.814E-27 0.455E-37 0.458E-08 0.455E-37 0.455E-37 0.455E-37 0.455E-37 0.455E-37 0.455E-37 0.455E-37
 30  0.22387E-01  137.14 0.455E-37 0.829E+00 0.455E-37 0.455E-37 0.455E-37 0.455E-37 0.455E-37 0.455E-37 0.165E+00 0.519E-10 0.473E-02 0.455E-37 0.785E-03 0.696E-27 0.455E-37 0.471E-08 0.455E-37 0.455E-37 0.455E-37 0.455E-37 0.455E-37 0.455E-37 0.455E-37
 31  0.31623E-01  138.35 0.455E-37 0.829E+00 0.455E-37 0.455E-37 0.455E-37 0.455E-37 0.455E-37 0.455E-37 0.165E+00 0.543E-10 0.473E-02 0.455E-37 0.844E-03 0.547E-27 0.455E-37 0.474E-08 0.455E-37 0.455E-37 0.455E-37 0.455E-37 0.455E-37 0.455E-37 0.455E-37
 32  0.44668E-01  139.27 0.455E-37 0.829E+00 0.455E-37 0.455E-37 0.455E-37 0.455E-37 0.455E-37 0.455E-37 0.165E+00 0.517E-10 0.473E-02 0.455E-37 0.713E-03 0.334E-27 0.455E-37 0.439E-08 0.455E-37 0.455E-37 0.455E-37 0.455E-37 0.455E-37 0.455E-37 0.455E-37
 33  0.63096E-01  140.79 0.455E-37 0.829E+00 0.455E-37 0.455E-37 0.455E-37 0.455E-37 0.455E-37 0.455E-37 0.165E+00 0.591E-10 0.473E-02 0.455E-37 0.623E-03 0.347E-27 0.455E-37 0.478E-08 0.455E-37 0.455E-37 0.455E-37 0.455E-37 0.455E-37 0.455E-37 0.455E-37
 34  0.89125E-01  142.83 0.455E-37 0.829E+00 0.455E-37 0.455E-37 0.455E-37 0.455E-37 0.455E-37 0.455E-37 0.165E+00 0.781E-10 0.473E-02 0.455E-37 0.589E-03 0.678E-27 0.455E-37 0.593E-08 0.455E-37 0.455E-37 0.455E-37 0.455E-37 0.455E-37 0.455E-37 0.455E-37
 35  0.12589E+00  146.09 0.455E-37 0.829E+00 0.455E-37 0.455E-37 0.455E-37 0.455E-37 0.455E-37 0.455E-37 0.165E+00 0.145E-09 0.473E-02 0.455E-37 0.707E-03 0.384E-26 0.455E-37 0.100E-07 0.455E-37 0.455E-37 0.455E-37 0.455E-37 0.455E-37 0.455E-37 0.455E-37
 36  0.17783E+00  152.74 0.455E-37 0.829E+00 0.455E-37 0.455E-37 0.455E-37 0.455E-37 0.455E-37 0.455E-37 0.165E+00 0.648E-09 0.473E-02 0.455E-37 0.107E-02 0.138E-24 0.455E-37 0.371E-07 0.455E-37 0.455E-37 0.455E-37 0.455E-37 0.455E-37 0.455E-37 0.455E-37
 37  0.25119E+00  161.89 0.455E-37 0.829E+00 0.455E-37 0.455E-37 0.455E-37 0.455E-37 0.455E-37 0.455E-37 0.165E+00 0.449E-08 0.473E-02 0.455E-37 0.139E-02 0.965E-23 0.455E-37 0.204E-06 0.455E-37 0.455E-37 0.455E-37 0.455E-37 0.455E-37 0.455E-37 0.455E-37
 38  0.35481E+00  178.69 0.455E-37 0.829E+00 0.455E-37 0.455E-37 0.455E-37 0.455E-37 0.455E-37 0.455E-37 0.165E+00 0.115E-06 0.473E-02 0.455E-37 0.139E-02 0.199E-20 0.455E-37 0.364E-05 0.455E-37 0.455E-37 0.455E-37 0.455E-37 0.455E-37 0.455E-37 0.455E-37
 39  0.50119E+00  199.57 0.455E-37 0.829E+00 0.455E-37 0.455E-37 0.455E-37 0.455E-37 0.455E-37 0.455E-37 0.165E+00 0.302E-05 0.473E-02 0.455E-37 0.139E-02 0.457E-18 0.455E-37 0.665E-04 0.455E-37 0.455E-37 0.455E-37 0.455E-37 0.455E-37 0.455E-37 0.455E-37
 40  0.70795E+00  222.54 0.455E-37 0.829E+00 0.455E-37 0.455E-37 0.455E-37 0.455E-37 0.455E-37 0.542E-37 0.165E+00 0.521E-04 0.473E-02 0.455E-37 0.139E-02 0.545E-16 0.455E-37 0.258E-03 0.455E-37 0.455E-37 0.455E-37 0.455E-37 0.455E-37 0.455E-37 0.455E-37
 41  0.10000E+01  247.77 0.455E-37 0.828E+00 0.455E-37 0.455E-37 0.455E-37 0.455E-37 0.455E-37 0.877E-34 0.165E+00 0.621E-03 0.472E-02 0.960E-37 0.139E-02 0.367E-14 0.455E-37 0.258E-03 0.455E-37 0.455E-37 0.455E-37 0.455E-37 0.455E-37 0.455E-37 0.455E-37
 42  0.14125E+01  275.48 0.452E-37 0.824E+00 0.452E-37 0.452E-37 0.452E-37 0.452E-37 0.452E-37 0.101E-28 0.164E+00 0.522E-02 0.470E-02 0.389E-32 0.139E-02 0.150E-12 0.969E-35 0.257E-03 0.452E-37 0.452E-37 0.452E-37 0.452E-37 0.452E-37 0.452E-37 0.452E-37
 43  0.19953E+01  305.98 0.450E-37 0.822E+00 0.149E-34 0.450E-37 0.450E-37 0.450E-37 0.450E-37 0.166E-25 0.163E+00 0.823E-02 0.468E-02 0.242E-28 0.138E-02 0.396E-11 0.808E-31 0.255E-03 0.450E-37 0.450E-37 0.450E-37 0.450E-37 0.450E-37 0.450E-37 0.450E-37
 44  0.28184E+01  339.58 0.450E-37 0.822E+00 0.606E-31 0.450E-37 0.450E-37 0.450E-37 0.450E-37 0.520E-23 0.163E+00 0.823E-02 0.468E-02 0.373E-25 0.138E-02 0.738E-10 0.209E-27 0.255E-03 0.450E-37 0.450E-37 0.450E-37 0.450E-37 0.450E-37 0.450E-37 0.450E-37
 45  0.39811E+01  376.68 0.450E-37 0.822E+00 0.104E-27 0.450E-37 0.450E-37 0.450E-37 0.450E-37 0.835E-21 0.163E+00 0.823E-02 0.468E-02 0.251E-22 0.138E-02 0.998E-09 0.237E-24 0.255E-03 0.450E-37 0.209E-36 0.450E-37 0.450E-37 0.450E-37 0.450E-37 0.450E-37
 46  0.56234E+01  417.71 0.451E-37 0.822E+00 0.828E-25 0.451E-37 0.451E-37 0.451E-37 0.451E-37 0.763E-19 0.163E+00 0.823E-02 0.468E-02 0.830E-20 0.138E-02 0.102E-07 0.129E-21 0.255E-03 0.451E-37 0.245E-26 0.451E-37 0.817E-37 0.617E-37 0.451E-37 0.451E-37
 47  0.79433E+01  463.11 0.451E-37 0.822E+00 0.336E-22 0.451E-37 0.451E-37 0.451E-37 0.451E-37 0.487E-17 0.163E+00 0.823E-02 0.468E-02 0.165E-17 0.138E-02 0.803E-07 0.368E-19 0.255E-03 0.451E-37 0.440E-23 0.134E-33 0.107E-32 0.503E-33 0.451E-37 0.451E-37
 48  0.10000E+02  496.05 0.451E-37 0.822E+00 0.131E-20 0.451E-37 0.451E-37 0.451E-37 0.451E-37 0.613E-16 0.163E+00 0.823E-02 0.468E-02 0.414E-16 0.138E-02 0.279E-06 0.115E-17 0.255E-03 0.282E-36 0.415E-21 0.159E-30 0.107E-29 0.526E-30 0.451E-37 0.451E-37
 49  0.15849E+02  569.07 0.130E-33 0.822E+00 0.961E-18 0.451E-37 0.451E-37 0.451E-37 0.451E-37 0.581E-14 0.163E+00 0.823E-02 0.468E-02 0.134E-13 0.137E-02 0.253E-05 0.558E-15 0.255E-03 0.450E-31 0.140E-17 0.513E-25 0.258E-24 0.137E-24 0.327E-35 0.322E-34
 50  0.22387E+02  630.70 0.973E-30 0.822E+00 0.759E-16 0.451E-37 0.451E-37 0.451E-37 0.451E-37 0.117E-12 0.163E+00 0.823E-02 0.468E-02 0.603E-12 0.133E-02 0.101E-04 0.332E-13 0.255E-03 0.166E-27 0.290E-15 0.235E-21 0.973E-21 0.445E-21 0.145E-31 0.140E-30
 51  0.31623E+02  698.90 0.219E-26 0.822E+00 0.385E-14 0.451E-37 0.985E-35 0.712E-36 0.451E-37 0.170E-11 0.163E+00 0.823E-02 0.468E-02 0.179E-10 0.129E-02 0.328E-04 0.131E-11 0.255E-03 0.260E-24 0.334E-13 0.514E-18 0.178E-17 0.967E-19 0.495E-28 0.393E-27
 52  0.44668E+02  774.24 0.234E-23 0.822E+00 0.130E-12 0.451E-37 0.495E-31 0.138E-32 0.594E-36 0.184E-10 0.163E+00 0.823E-02 0.467E-02 0.362E-09 0.113E-02 0.754E-04 0.354E-10 0.255E-03 0.186E-21 0.226E-11 0.614E-15 0.714E-15 0.615E-17 0.727E-25 0.483E-24
 53  0.63096E+02  857.35 0.175E-20 0.822E+00 0.307E-11 0.451E-37 0.318E-27 0.116E-28 0.172E-32 0.151E-09 0.163E+00 0.823E-02 0.467E-02 0.517E-08 0.957E-03 0.136E-03 0.680E-09 0.255E-03 0.649E-19 0.946E-10 0.408E-12 0.491E-13 0.295E-15 0.496E-22 0.281E-21
 54  0.89125E+02  948.79 0.789E-18 0.823E+00 0.517E-10 0.451E-37 0.993E-24 0.365E-25 0.165E-28 0.962E-09 0.163E+00 0.822E-02 0.467E-02 0.533E-07 0.840E-03 0.230E-03 0.967E-08 0.255E-03 0.118E-16 0.256E-08 0.133E-09 0.135E-11 0.990E-14 0.168E-19 0.829E-19
 55  0.12589E+03 1049.10 0.139E-15 0.823E+00 0.642E-09 0.451E-37 0.993E-21 0.469E-22 0.572E-25 0.481E-08 0.163E+00 0.822E-02 0.467E-02 0.407E-06 0.692E-03 0.297E-03 0.104E-06 0.255E-03 0.117E-14 0.465E-07 0.950E-08 0.228E-10 0.201E-12 0.298E-17 0.715E-17
 56  0.17783E+03 1158.80 0.648E-14 0.823E+00 0.607E-08 0.451E-37 0.218E-18 0.267E-19 0.791E-22 0.193E-07 0.163E+00 0.822E-02 0.467E-02 0.236E-05 0.581E-03 0.350E-03 0.838E-06 0.256E-03 0.669E-13 0.586E-06 0.109E-06 0.188E-09 0.204E-11 0.294E-15 0.489E-15
 57  0.25119E+03 1278.33 0.122E-12 0.823E+00 0.446E-07 0.451E-37 0.165E-16 0.729E-17 0.477E-19 0.626E-07 0.163E+00 0.820E-02 0.465E-02 0.105E-04 0.516E-03 0.410E-03 0.379E-05 0.259E-03 0.233E-11 0.517E-05 0.402E-06 0.749E-09 0.106E-10 0.171E-13 0.401E-13
 58  0.35481E+03 1408.13 0.132E-11 0.823E+00 0.262E-06 0.451E-37 0.620E-15 0.103E-14 0.136E-16 0.171E-06 0.163E+00 0.823E-02 0.467E-02 0.377E-04 0.477E-03 0.465E-03 0.514E-05 0.274E-03 0.530E-10 0.295E-04 0.808E-06 0.159E-08 0.298E-10 0.631E-12 0.174E-11
 59  0.50119E+03 1548.66 0.887E-11 0.823E+00 0.126E-05 0.451E-37 0.127E-13 0.790E-13 0.192E-14 0.462E-06 0.163E+00 0.857E-02 0.512E-02 0.124E-03 0.455E-03 0.508E-03 0.497E-05 0.274E-03 0.818E-09 0.303E-04 0.989E-06 0.192E-08 0.420E-10 0.154E-10 0.446E-10
 60  0.70795E+03 1700.33 0.477E-10 0.822E+00 0.504E-05 0.293E-36 0.185E-12 0.353E-11 0.146E-12 0.138E-05 0.163E+00 0.929E-02 0.671E-02 0.417E-03 0.450E-03 0.543E-03 0.481E-05 0.274E-03 0.898E-08 0.309E-04 0.117E-05 0.226E-08 0.570E-10 0.261E-09 0.746E-09
 61  0.10000E+04 1863.65 0.215E-09 0.823E+00 0.172E-04 0.675E-33 0.203E-11 0.106E-09 0.736E-11 0.290E-05 0.163E+00 0.873E-02 0.960E-02 0.111E-02 0.459E-03 0.565E-03 0.463E-05 0.274E-03 0.701E-07 0.317E-04 0.140E-05 0.268E-08 0.796E-10 0.309E-08 0.863E-08
