   25.000000000000000     
  1  0.10000E-05  214.88 0.451E-37 0.822E+00 0.451E-37 0.451E-37 0.451E-37 0.451E-37 0.451E-37 0.712E-25 0.164E+00 0.825E-02 0.469E-02 0.112E-30 0.137E-02 0.482E-05 0.451E-37 0.256E-03 0.451E-37 0.451E-37 0.451E-37 0.451E-37 0.451E-37 0.451E-37 0.451E-37
  2  0.14100E-05  210.10 0.451E-37 0.822E+00 0.451E-37 0.451E-37 0.451E-37 0.451E-37 0.451E-37 0.436E-26 0.164E+00 0.825E-02 0.469E-02 0.405E-32 0.138E-02 0.805E-06 0.451E-37 0.256E-03 0.451E-37 0.451E-37 0.451E-37 0.451E-37 0.451E-37 0.451E-37 0.451E-37
  3  0.20000E-05  207.79 0.451E-37 0.822E+00 0.451E-37 0.451E-37 0.451E-37 0.451E-37 0.451E-37 0.757E-27 0.164E+00 0.825E-02 0.469E-02 0.542E-33 0.138E-02 0.230E-06 0.451E-37 0.256E-03 0.451E-37 0.451E-37 0.451E-37 0.451E-37 0.451E-37 0.451E-37 0.451E-37
  4  0.28200E-05  206.51 0.451E-37 0.822E+00 0.451E-37 0.451E-37 0.451E-37 0.451E-37 0.451E-37 0.210E-27 0.164E+00 0.825E-02 0.469E-02 0.130E-33 0.138E-02 0.845E-07 0.451E-37 0.256E-03 0.451E-37 0.451E-37 0.451E-37 0.451E-37 0.451E-37 0.451E-37 0.451E-37
  5  0.39800E-05  205.74 0.451E-37 0.822E+00 0.451E-37 0.451E-37 0.451E-37 0.451E-37 0.451E-37 0.736E-28 0.164E+00 0.825E-02 0.469E-02 0.416E-34 0.138E-02 0.350E-07 0.451E-37 0.256E-03 0.451E-37 0.451E-37 0.451E-37 0.451E-37 0.451E-37 0.451E-37 0.451E-37
  6  0.56200E-05  205.23 0.451E-37 0.822E+00 0.451E-37 0.451E-37 0.451E-37 0.451E-37 0.451E-37 0.290E-28 0.164E+00 0.825E-02 0.469E-02 0.154E-34 0.138E-02 0.155E-07 0.451E-37 0.256E-03 0.451E-37 0.451E-37 0.451E-37 0.451E-37 0.451E-37 0.451E-37 0.451E-37
  7  0.79400E-05  204.95 0.451E-37 0.822E+00 0.451E-37 0.451E-37 0.451E-37 0.451E-37 0.451E-37 0.127E-28 0.164E+00 0.825E-02 0.469E-02 0.655E-35 0.138E-02 0.722E-08 0.451E-37 0.256E-03 0.451E-37 0.451E-37 0.451E-37 0.451E-37 0.451E-37 0.451E-37 0.451E-37
  8  0.11220E-04  204.79 0.451E-37 0.822E+00 0.451E-37 0.451E-37 0.451E-37 0.451E-37 0.451E-37 0.591E-29 0.164E+00 0.825E-02 0.469E-02 0.310E-35 0.138E-02 0.347E-08 0.451E-37 0.256E-03 0.451E-37 0.451E-37 0.451E-37 0.451E-37 0.451E-37 0.451E-37 0.451E-37
  9  0.15850E-04  204.75 0.451E-37 0.822E+00 0.451E-37 0.451E-37 0.451E-37 0.451E-37 0.451E-37 0.290E-29 0.164E+00 0.825E-02 0.469E-02 0.169E-35 0.138E-02 0.172E-08 0.451E-37 0.256E-03 0.451E-37 0.451E-37 0.451E-37 0.451E-37 0.451E-37 0.451E-37 0.451E-37
 10  0.22390E-04  204.79 0.451E-37 0.822E+00 0.451E-37 0.451E-37 0.451E-37 0.451E-37 0.451E-37 0.148E-29 0.164E+00 0.825E-02 0.469E-02 0.964E-36 0.138E-02 0.872E-09 0.451E-37 0.256E-03 0.451E-37 0.451E-37 0.451E-37 0.451E-37 0.451E-37 0.451E-37 0.451E-37
 11  0.31620E-04  204.58 0.451E-37 0.822E+00 0.451E-37 0.451E-37 0.451E-37 0.451E-37 0.451E-37 0.674E-30 0.164E+00 0.825E-02 0.469E-02 0.504E-36 0.138E-02 0.415E-09 0.451E-37 0.256E-03 0.451E-37 0.451E-37 0.451E-37 0.451E-37 0.451E-37 0.451E-37 0.451E-37
 12  0.44670E-04  203.83 0.451E-37 0.822E+00 0.451E-37 0.451E-37 0.451E-37 0.451E-37 0.451E-37 0.236E-30 0.164E+00 0.825E-02 0.469E-02 0.260E-36 0.138E-02 0.172E-09 0.451E-37 0.256E-03 0.451E-37 0.451E-37 0.451E-37 0.451E-37 0.451E-37 0.451E-37 0.451E-37
 13  0.63100E-04  202.34 0.451E-37 0.822E+00 0.451E-37 0.451E-37 0.451E-37 0.451E-37 0.451E-37 0.575E-31 0.164E+00 0.825E-02 0.469E-02 0.112E-36 0.138E-02 0.588E-10 0.451E-37 0.256E-03 0.451E-37 0.451E-37 0.451E-37 0.451E-37 0.451E-37 0.451E-37 0.451E-37
 14  0.89120E-04  200.34 0.451E-37 0.822E+00 0.451E-37 0.451E-37 0.451E-37 0.451E-37 0.451E-37 0.108E-31 0.164E+00 0.825E-02 0.469E-02 0.503E-37 0.138E-02 0.175E-10 0.451E-37 0.256E-03 0.451E-37 0.451E-37 0.451E-37 0.451E-37 0.451E-37 0.451E-37 0.451E-37
 15  0.12589E-03  198.94 0.452E-37 0.823E+00 0.452E-37 0.452E-37 0.452E-37 0.452E-37 0.452E-37 0.180E-32 0.164E+00 0.675E-02 0.469E-02 0.452E-37 0.138E-02 0.608E-11 0.452E-37 0.256E-03 0.452E-37 0.452E-37 0.452E-37 0.452E-37 0.452E-37 0.452E-37 0.452E-37
 16  0.17783E-03  198.01 0.452E-37 0.824E+00 0.452E-37 0.452E-37 0.452E-37 0.452E-37 0.452E-37 0.326E-33 0.164E+00 0.513E-02 0.470E-02 0.452E-37 0.139E-02 0.238E-11 0.452E-37 0.256E-03 0.452E-37 0.452E-37 0.452E-37 0.452E-37 0.452E-37 0.452E-37 0.452E-37
 17  0.25119E-03  197.03 0.453E-37 0.825E+00 0.453E-37 0.453E-37 0.453E-37 0.453E-37 0.453E-37 0.523E-34 0.164E+00 0.373E-02 0.470E-02 0.453E-37 0.139E-02 0.919E-12 0.453E-37 0.257E-03 0.453E-37 0.453E-37 0.453E-37 0.453E-37 0.453E-37 0.453E-37 0.453E-37
 18  0.35481E-03  196.19 0.453E-37 0.826E+00 0.453E-37 0.453E-37 0.453E-37 0.453E-37 0.453E-37 0.951E-35 0.164E+00 0.249E-02 0.471E-02 0.453E-37 0.139E-02 0.367E-12 0.453E-37 0.257E-03 0.453E-37 0.453E-37 0.453E-37 0.453E-37 0.453E-37 0.453E-37 0.453E-37
 19  0.50119E-03  195.33 0.454E-37 0.827E+00 0.454E-37 0.454E-37 0.454E-37 0.454E-37 0.454E-37 0.217E-35 0.165E+00 0.154E-02 0.471E-02 0.454E-37 0.139E-02 0.146E-12 0.454E-37 0.257E-03 0.454E-37 0.454E-37 0.454E-37 0.454E-37 0.454E-37 0.454E-37 0.454E-37
 20  0.70795E-03  194.33 0.454E-37 0.827E+00 0.454E-37 0.454E-37 0.454E-37 0.454E-37 0.454E-37 0.563E-36 0.165E+00 0.927E-03 0.472E-02 0.454E-37 0.139E-02 0.554E-13 0.454E-37 0.258E-03 0.454E-37 0.454E-37 0.454E-37 0.454E-37 0.454E-37 0.454E-37 0.454E-37
 21  0.10000E-02  193.30 0.454E-37 0.828E+00 0.454E-37 0.454E-37 0.454E-37 0.454E-37 0.454E-37 0.184E-36 0.165E+00 0.554E-03 0.472E-02 0.454E-37 0.139E-02 0.208E-13 0.454E-37 0.258E-03 0.454E-37 0.454E-37 0.454E-37 0.454E-37 0.454E-37 0.454E-37 0.454E-37
 22  0.14125E-02  192.37 0.455E-37 0.828E+00 0.455E-37 0.455E-37 0.455E-37 0.455E-37 0.455E-37 0.910E-37 0.165E+00 0.336E-03 0.472E-02 0.455E-37 0.139E-02 0.803E-14 0.455E-37 0.258E-03 0.455E-37 0.455E-37 0.455E-37 0.455E-37 0.455E-37 0.455E-37 0.455E-37
 23  0.19953E-02  191.72 0.455E-37 0.828E+00 0.455E-37 0.455E-37 0.455E-37 0.455E-37 0.455E-37 0.598E-37 0.165E+00 0.214E-03 0.472E-02 0.455E-37 0.139E-02 0.334E-14 0.455E-37 0.258E-03 0.455E-37 0.455E-37 0.455E-37 0.455E-37 0.455E-37 0.455E-37 0.455E-37
 24  0.28184E-02  191.44 0.455E-37 0.828E+00 0.455E-37 0.455E-37 0.455E-37 0.455E-37 0.455E-37 0.471E-37 0.165E+00 0.144E-03 0.472E-02 0.455E-37 0.139E-02 0.155E-14 0.455E-37 0.258E-03 0.455E-37 0.455E-37 0.455E-37 0.455E-37 0.455E-37 0.455E-37 0.455E-37
 25  0.39811E-02  191.59 0.455E-37 0.829E+00 0.455E-37 0.455E-37 0.455E-37 0.455E-37 0.455E-37 0.455E-37 0.165E+00 0.105E-03 0.473E-02 0.455E-37 0.139E-02 0.810E-15 0.455E-37 0.258E-03 0.455E-37 0.455E-37 0.455E-37 0.455E-37 0.455E-37 0.455E-37 0.455E-37
 26  0.56234E-02  191.83 0.455E-37 0.829E+00 0.455E-37 0.455E-37 0.455E-37 0.455E-37 0.455E-37 0.455E-37 0.165E+00 0.773E-04 0.473E-02 0.455E-37 0.139E-02 0.435E-15 0.455E-37 0.258E-03 0.455E-37 0.455E-37 0.455E-37 0.455E-37 0.455E-37 0.455E-37 0.455E-37
 27  0.79433E-02  191.70 0.455E-37 0.829E+00 0.455E-37 0.455E-37 0.455E-37 0.455E-37 0.455E-37 0.455E-37 0.165E+00 0.535E-04 0.473E-02 0.455E-37 0.139E-02 0.210E-15 0.455E-37 0.258E-03 0.455E-37 0.455E-37 0.455E-37 0.455E-37 0.455E-37 0.455E-37 0.455E-37
 28  0.11220E-01  191.47 0.455E-37 0.829E+00 0.455E-37 0.455E-37 0.455E-37 0.455E-37 0.455E-37 0.455E-37 0.165E+00 0.364E-04 0.473E-02 0.455E-37 0.139E-02 0.984E-16 0.455E-37 0.258E-03 0.455E-37 0.455E-37 0.455E-37 0.455E-37 0.455E-37 0.455E-37 0.455E-37
 29  0.15849E-01  191.76 0.455E-37 0.829E+00 0.455E-37 0.455E-37 0.455E-37 0.455E-37 0.455E-37 0.455E-37 0.165E+00 0.271E-04 0.473E-02 0.455E-37 0.139E-02 0.536E-16 0.455E-37 0.258E-03 0.455E-37 0.455E-37 0.455E-37 0.455E-37 0.455E-37 0.455E-37 0.455E-37
 30  0.22387E-01  192.69 0.455E-37 0.829E+00 0.455E-37 0.455E-37 0.455E-37 0.455E-37 0.455E-37 0.455E-37 0.165E+00 0.224E-04 0.473E-02 0.455E-37 0.139E-02 0.350E-16 0.455E-37 0.258E-03 0.455E-37 0.455E-37 0.455E-37 0.455E-37 0.455E-37 0.455E-37 0.455E-37
 31  0.31623E-01  194.20 0.455E-37 0.829E+00 0.455E-37 0.455E-37 0.455E-37 0.455E-37 0.455E-37 0.455E-37 0.165E+00 0.203E-04 0.473E-02 0.455E-37 0.139E-02 0.268E-16 0.455E-37 0.251E-03 0.455E-37 0.455E-37 0.455E-37 0.455E-37 0.455E-37 0.455E-37 0.455E-37
 32  0.44668E-01  196.20 0.455E-37 0.829E+00 0.455E-37 0.455E-37 0.455E-37 0.455E-37 0.455E-37 0.455E-37 0.165E+00 0.199E-04 0.473E-02 0.455E-37 0.139E-02 0.233E-16 0.455E-37 0.224E-03 0.455E-37 0.455E-37 0.455E-37 0.455E-37 0.455E-37 0.455E-37 0.455E-37
 33  0.63096E-01  198.95 0.455E-37 0.829E+00 0.455E-37 0.455E-37 0.455E-37 0.455E-37 0.455E-37 0.455E-37 0.165E+00 0.218E-04 0.473E-02 0.455E-37 0.139E-02 0.245E-16 0.455E-37 0.240E-03 0.455E-37 0.455E-37 0.455E-37 0.455E-37 0.455E-37 0.455E-37 0.455E-37
 34  0.89125E-01  203.15 0.455E-37 0.829E+00 0.455E-37 0.455E-37 0.455E-37 0.455E-37 0.455E-37 0.455E-37 0.165E+00 0.293E-04 0.473E-02 0.455E-37 0.139E-02 0.367E-16 0.455E-37 0.258E-03 0.455E-37 0.455E-37 0.455E-37 0.455E-37 0.455E-37 0.455E-37 0.455E-37
 35  0.12589E+00  209.05 0.455E-37 0.829E+00 0.455E-37 0.455E-37 0.455E-37 0.455E-37 0.455E-37 0.455E-37 0.165E+00 0.489E-04 0.473E-02 0.455E-37 0.139E-02 0.796E-16 0.455E-37 0.254E-03 0.455E-37 0.455E-37 0.455E-37 0.455E-37 0.455E-37 0.455E-37 0.455E-37
 36  0.17783E+00  228.01 0.455E-37 0.828E+00 0.455E-37 0.455E-37 0.455E-37 0.455E-37 0.455E-37 0.166E-35 0.165E+00 0.403E-03 0.472E-02 0.455E-37 0.139E-02 0.272E-14 0.455E-37 0.258E-03 0.455E-37 0.455E-37 0.455E-37 0.455E-37 0.455E-37 0.455E-37 0.455E-37
 37  0.25119E+00  253.77 0.453E-37 0.825E+00 0.453E-37 0.453E-37 0.453E-37 0.453E-37 0.453E-37 0.427E-30 0.164E+00 0.420E-02 0.470E-02 0.444E-34 0.139E-02 0.162E-12 0.453E-37 0.257E-03 0.453E-37 0.453E-37 0.453E-37 0.453E-37 0.453E-37 0.453E-37 0.453E-37
 38  0.35481E+00  282.08 0.451E-37 0.822E+00 0.684E-37 0.451E-37 0.451E-37 0.451E-37 0.451E-37 0.216E-26 0.164E+00 0.825E-02 0.469E-02 0.803E-30 0.138E-02 0.599E-11 0.256E-34 0.256E-03 0.451E-37 0.451E-37 0.451E-37 0.451E-37 0.451E-37 0.451E-37 0.451E-37
 39  0.50119E+00  313.23 0.450E-37 0.822E+00 0.216E-33 0.450E-37 0.450E-37 0.450E-37 0.450E-37 0.119E-23 0.163E+00 0.823E-02 0.468E-02 0.252E-26 0.138E-02 0.146E-09 0.171E-30 0.255E-03 0.450E-37 0.450E-37 0.450E-37 0.450E-37 0.450E-37 0.450E-37 0.450E-37
 40  0.70795E+00  347.58 0.450E-37 0.822E+00 0.716E-30 0.450E-37 0.450E-37 0.450E-37 0.450E-37 0.318E-21 0.163E+00 0.823E-02 0.468E-02 0.319E-23 0.138E-02 0.251E-08 0.363E-27 0.255E-03 0.450E-37 0.450E-37 0.450E-37 0.450E-37 0.450E-37 0.450E-37 0.450E-37
 41  0.10000E+01  385.52 0.450E-37 0.822E+00 0.102E-26 0.450E-37 0.450E-37 0.450E-37 0.450E-37 0.436E-19 0.163E+00 0.823E-02 0.468E-02 0.177E-20 0.138E-02 0.318E-07 0.345E-24 0.255E-03 0.450E-37 0.990E-33 0.450E-37 0.450E-37 0.450E-37 0.450E-37 0.450E-37
 42  0.14125E+01  427.48 0.451E-37 0.822E+00 0.698E-24 0.451E-37 0.451E-37 0.451E-37 0.451E-37 0.372E-17 0.163E+00 0.823E-02 0.468E-02 0.528E-18 0.138E-02 0.305E-06 0.162E-21 0.255E-03 0.451E-37 0.609E-25 0.188E-36 0.157E-35 0.696E-36 0.451E-37 0.451E-37
 43  0.19953E+01  473.94 0.451E-37 0.822E+00 0.246E-21 0.451E-37 0.451E-37 0.451E-37 0.451E-37 0.215E-15 0.163E+00 0.823E-02 0.468E-02 0.927E-16 0.137E-02 0.226E-05 0.403E-19 0.255E-03 0.451E-37 0.908E-22 0.137E-31 0.104E-30 0.493E-31 0.451E-37 0.451E-37
 44  0.28184E+01  525.38 0.285E-35 0.822E+00 0.481E-19 0.451E-37 0.451E-37 0.451E-37 0.451E-37 0.832E-14 0.163E+00 0.823E-02 0.468E-02 0.961E-14 0.131E-02 0.123E-04 0.565E-17 0.255E-03 0.172E-33 0.618E-19 0.364E-27 0.217E-26 0.110E-26 0.341E-36 0.848E-36
 45  0.39811E+01  582.34 0.642E-32 0.822E+00 0.552E-17 0.451E-37 0.451E-37 0.451E-37 0.451E-37 0.217E-12 0.163E+00 0.823E-02 0.467E-02 0.604E-12 0.121E-02 0.511E-04 0.486E-15 0.255E-03 0.132E-29 0.210E-16 0.344E-23 0.166E-22 0.723E-23 0.291E-34 0.332E-33
 46  0.56234E+01  645.38 0.399E-28 0.822E+00 0.393E-15 0.451E-37 0.451E-37 0.451E-37 0.451E-37 0.402E-11 0.163E+00 0.823E-02 0.467E-02 0.246E-10 0.983E-03 0.136E-03 0.264E-13 0.255E-03 0.399E-26 0.379E-14 0.143E-19 0.567E-19 0.743E-20 0.202E-30 0.186E-29
 47  0.79433E+01  715.12 0.835E-25 0.823E+00 0.181E-13 0.451E-37 0.167E-33 0.552E-35 0.451E-37 0.547E-10 0.163E+00 0.822E-02 0.467E-02 0.666E-09 0.750E-03 0.266E-03 0.949E-12 0.255E-03 0.520E-23 0.386E-12 0.325E-16 0.933E-16 0.746E-18 0.564E-27 0.429E-26
 48  0.10000E+02  765.60 0.915E-23 0.823E+00 0.187E-12 0.451E-37 0.728E-31 0.205E-32 0.902E-36 0.264E-09 0.163E+00 0.822E-02 0.467E-02 0.488E-08 0.609E-03 0.360E-03 0.840E-11 0.255E-03 0.402E-21 0.627E-11 0.407E-14 0.241E-14 0.129E-16 0.703E-25 0.476E-24
 49  0.15849E+02  877.14 0.827E-19 0.823E+00 0.123E-10 0.451E-37 0.114E-25 0.332E-27 0.637E-31 0.431E-08 0.163E+00 0.822E-02 0.467E-02 0.166E-06 0.372E-03 0.459E-03 0.425E-09 0.255E-03 0.951E-18 0.887E-09 0.264E-10 0.408E-12 0.257E-14 0.404E-21 0.221E-20
 50  0.22387E+02  970.54 0.279E-16 0.823E+00 0.194E-09 0.451E-37 0.255E-22 0.847E-24 0.482E-27 0.259E-07 0.163E+00 0.821E-02 0.467E-02 0.159E-05 0.274E-03 0.529E-03 0.568E-08 0.255E-03 0.150E-15 0.219E-07 0.388E-08 0.104E-10 0.798E-13 0.118E-18 0.565E-18
 51  0.31623E+02 1072.93 0.230E-14 0.823E+00 0.226E-08 0.451E-37 0.114E-19 0.900E-21 0.135E-23 0.123E-06 0.163E+00 0.820E-02 0.465E-02 0.114E-04 0.210E-03 0.575E-03 0.581E-07 0.255E-03 0.131E-13 0.365E-06 0.799E-07 0.134E-09 0.127E-11 0.183E-16 0.325E-16
 52  0.44668E+02 1184.79 0.632E-13 0.823E+00 0.201E-07 0.451E-37 0.142E-17 0.434E-18 0.156E-20 0.450E-06 0.163E+00 0.811E-02 0.456E-02 0.601E-04 0.167E-03 0.588E-03 0.466E-06 0.258E-03 0.667E-12 0.423E-05 0.410E-06 0.742E-09 0.944E-11 0.159E-14 0.293E-14
 53  0.63096E+02 1306.58 0.834E-12 0.824E+00 0.140E-06 0.451E-37 0.728E-16 0.104E-15 0.810E-18 0.121E-05 0.163E+00 0.779E-02 0.424E-02 0.228E-03 0.141E-03 0.606E-03 0.263E-05 0.269E-03 0.210E-10 0.241E-04 0.926E-06 0.178E-08 0.320E-10 0.831E-13 0.205E-12
 54  0.89125E+02 1438.74 0.664E-11 0.824E+00 0.787E-06 0.451E-37 0.195E-14 0.131E-13 0.205E-15 0.247E-05 0.163E+00 0.736E-02 0.376E-02 0.645E-03 0.125E-03 0.621E-03 0.467E-05 0.273E-03 0.435E-09 0.322E-04 0.119E-05 0.228E-08 0.504E-10 0.278E-11 0.778E-11
 55  0.12589E+03 1581.70 0.405E-10 0.825E+00 0.362E-05 0.451E-37 0.352E-13 0.958E-12 0.282E-13 0.353E-05 0.163E+00 0.662E-02 0.305E-02 0.129E-02 0.116E-03 0.620E-03 0.432E-05 0.273E-03 0.620E-08 0.327E-04 0.139E-05 0.264E-08 0.695E-10 0.623E-10 0.181E-09
 56  0.17783E+03 1735.95 0.196E-09 0.826E+00 0.140E-04 0.559E-35 0.451E-12 0.422E-10 0.218E-11 0.383E-05 0.162E+00 0.592E-02 0.223E-02 0.191E-02 0.112E-03 0.619E-03 0.379E-05 0.272E-03 0.632E-07 0.332E-04 0.157E-05 0.299E-08 0.926E-10 0.977E-09 0.276E-08
 57  0.25119E+03 1901.88 0.791E-09 0.827E+00 0.462E-04 0.113E-31 0.436E-11 0.117E-08 0.953E-10 0.413E-05 0.162E+00 0.543E-02 0.176E-02 0.265E-02 0.113E-03 0.622E-03 0.328E-05 0.271E-03 0.456E-06 0.337E-04 0.175E-05 0.335E-08 0.120E-09 0.106E-07 0.297E-07
 58  0.35481E+03 2079.88 0.270E-08 0.827E+00 0.133E-03 0.102E-28 0.325E-10 0.210E-07 0.221E-08 0.402E-05 0.162E+00 0.491E-02 0.147E-02 0.330E-02 0.119E-03 0.623E-03 0.281E-05 0.268E-03 0.243E-05 0.339E-04 0.189E-05 0.361E-08 0.146E-09 0.836E-07 0.170E-06
 59  0.50119E+03 2270.21 0.794E-08 0.828E+00 0.337E-03 0.450E-26 0.194E-09 0.716E-07 0.296E-07 0.380E-05 0.162E+00 0.445E-02 0.133E-02 0.389E-02 0.129E-03 0.625E-03 0.244E-05 0.258E-03 0.103E-04 0.338E-04 0.196E-05 0.374E-08 0.163E-09 0.514E-06 0.360E-06
 60  0.70795E+03 2472.97 0.203E-07 0.827E+00 0.764E-03 0.105E-23 0.930E-09 0.732E-07 0.253E-06 0.439E-05 0.161E+00 0.519E-02 0.985E-03 0.428E-02 0.144E-03 0.627E-03 0.217E-05 0.239E-03 0.364E-04 0.333E-04 0.194E-05 0.371E-08 0.165E-09 0.257E-05 0.496E-06
 61  0.10000E+04 2687.85 0.457E-07 0.827E+00 0.156E-02 0.136E-21 0.370E-08 0.644E-07 0.140E-05 0.403E-05 0.161E+00 0.505E-02 0.922E-03 0.441E-02 0.165E-03 0.628E-03 0.199E-05 0.240E-03 0.170E-03 0.327E-04 0.192E-05 0.365E-08 0.166E-09 0.169E-04 0.668E-06
