   25.000000000000000     
  1  0.10000E-05  330.16 0.450E-37 0.823E+00 0.112E-28 0.450E-37 0.450E-37 0.450E-37 0.450E-37 0.770E-11 0.163E+00 0.822E-02 0.467E-02 0.366E-13 0.240E-05 0.687E-03 0.427E-33 0.255E-03 0.450E-37 0.450E-37 0.450E-37 0.450E-37 0.450E-37 0.450E-37 0.450E-37
  2  0.14100E-05  324.76 0.450E-37 0.823E+00 0.252E-29 0.450E-37 0.450E-37 0.450E-37 0.450E-37 0.142E-11 0.163E+00 0.822E-02 0.467E-02 0.527E-14 0.448E-05 0.686E-03 0.169E-33 0.255E-03 0.450E-37 0.450E-37 0.450E-37 0.450E-37 0.450E-37 0.450E-37 0.450E-37
  3  0.20000E-05  321.54 0.450E-37 0.823E+00 0.941E-30 0.450E-37 0.450E-37 0.450E-37 0.450E-37 0.382E-12 0.163E+00 0.822E-02 0.467E-02 0.122E-14 0.754E-05 0.684E-03 0.107E-33 0.255E-03 0.450E-37 0.450E-37 0.450E-37 0.450E-37 0.450E-37 0.450E-37 0.450E-37
  4  0.28200E-05  319.44 0.450E-37 0.823E+00 0.464E-30 0.450E-37 0.450E-37 0.450E-37 0.450E-37 0.128E-12 0.163E+00 0.822E-02 0.467E-02 0.369E-15 0.119E-04 0.682E-03 0.853E-34 0.255E-03 0.450E-37 0.450E-37 0.450E-37 0.450E-37 0.450E-37 0.450E-37 0.450E-37
  5  0.39800E-05  317.53 0.450E-37 0.823E+00 0.238E-30 0.450E-37 0.450E-37 0.450E-37 0.450E-37 0.442E-13 0.163E+00 0.822E-02 0.467E-02 0.116E-15 0.186E-04 0.677E-03 0.709E-34 0.255E-03 0.450E-37 0.450E-37 0.450E-37 0.450E-37 0.450E-37 0.450E-37 0.450E-37
  6  0.56200E-05  315.34 0.450E-37 0.823E+00 0.113E-30 0.450E-37 0.450E-37 0.450E-37 0.450E-37 0.144E-13 0.163E+00 0.822E-02 0.467E-02 0.339E-16 0.295E-04 0.670E-03 0.549E-34 0.255E-03 0.450E-37 0.450E-37 0.450E-37 0.450E-37 0.450E-37 0.450E-37 0.450E-37
  7  0.79400E-05  312.70 0.450E-37 0.823E+00 0.471E-31 0.450E-37 0.450E-37 0.450E-37 0.450E-37 0.422E-14 0.163E+00 0.822E-02 0.467E-02 0.872E-17 0.480E-04 0.661E-03 0.379E-34 0.255E-03 0.450E-37 0.450E-37 0.450E-37 0.450E-37 0.450E-37 0.450E-37 0.450E-37
  8  0.11220E-04  309.70 0.450E-37 0.823E+00 0.176E-31 0.450E-37 0.450E-37 0.450E-37 0.450E-37 0.114E-14 0.163E+00 0.822E-02 0.467E-02 0.202E-17 0.797E-04 0.645E-03 0.236E-34 0.255E-03 0.450E-37 0.450E-37 0.450E-37 0.450E-37 0.450E-37 0.450E-37 0.450E-37
  9  0.15850E-04  307.16 0.450E-37 0.823E+00 0.734E-32 0.450E-37 0.450E-37 0.450E-37 0.450E-37 0.336E-15 0.163E+00 0.822E-02 0.467E-02 0.522E-18 0.127E-03 0.612E-03 0.163E-34 0.255E-03 0.450E-37 0.450E-37 0.450E-37 0.450E-37 0.450E-37 0.450E-37 0.450E-37
 10  0.22390E-04  306.31 0.450E-37 0.823E+00 0.488E-32 0.450E-37 0.450E-37 0.450E-37 0.450E-37 0.141E-15 0.163E+00 0.822E-02 0.467E-02 0.209E-18 0.184E-03 0.583E-03 0.171E-34 0.255E-03 0.450E-37 0.450E-37 0.450E-37 0.450E-37 0.450E-37 0.450E-37 0.450E-37
 11  0.31620E-04  307.16 0.450E-37 0.823E+00 0.520E-32 0.450E-37 0.450E-37 0.450E-37 0.450E-37 0.846E-16 0.163E+00 0.822E-02 0.467E-02 0.131E-18 0.242E-03 0.557E-03 0.274E-34 0.255E-03 0.450E-37 0.450E-37 0.450E-37 0.450E-37 0.450E-37 0.450E-37 0.450E-37
 12  0.44670E-04  308.45 0.450E-37 0.823E+00 0.625E-32 0.450E-37 0.450E-37 0.450E-37 0.450E-37 0.556E-16 0.163E+00 0.822E-02 0.467E-02 0.923E-19 0.302E-03 0.506E-03 0.490E-34 0.255E-03 0.450E-37 0.450E-37 0.450E-37 0.450E-37 0.450E-37 0.450E-37 0.450E-37
 13  0.63100E-04  309.42 0.450E-37 0.823E+00 0.687E-32 0.450E-37 0.450E-37 0.450E-37 0.450E-37 0.341E-16 0.163E+00 0.822E-02 0.467E-02 0.596E-19 0.386E-03 0.463E-03 0.807E-34 0.255E-03 0.450E-37 0.450E-37 0.450E-37 0.450E-37 0.450E-37 0.450E-37 0.450E-37
 14  0.89120E-04  310.17 0.450E-37 0.823E+00 0.708E-32 0.450E-37 0.450E-37 0.450E-37 0.450E-37 0.200E-16 0.163E+00 0.822E-02 0.467E-02 0.362E-19 0.501E-03 0.426E-03 0.125E-33 0.255E-03 0.450E-37 0.450E-37 0.450E-37 0.450E-37 0.450E-37 0.450E-37 0.450E-37
 15  0.12589E-03  310.78 0.450E-37 0.823E+00 0.705E-32 0.450E-37 0.450E-37 0.450E-37 0.450E-37 0.114E-16 0.163E+00 0.822E-02 0.467E-02 0.213E-19 0.615E-03 0.347E-03 0.189E-33 0.255E-03 0.450E-37 0.450E-37 0.450E-37 0.450E-37 0.450E-37 0.450E-37 0.450E-37
 16  0.17783E-03  310.99 0.450E-37 0.823E+00 0.628E-32 0.450E-37 0.450E-37 0.450E-37 0.450E-37 0.596E-17 0.163E+00 0.822E-02 0.467E-02 0.113E-19 0.749E-03 0.264E-03 0.257E-33 0.255E-03 0.450E-37 0.450E-37 0.450E-37 0.450E-37 0.450E-37 0.450E-37 0.450E-37
 17  0.25119E-03  310.48 0.450E-37 0.823E+00 0.460E-32 0.450E-37 0.450E-37 0.450E-37 0.450E-37 0.269E-17 0.163E+00 0.823E-02 0.467E-02 0.496E-20 0.935E-03 0.194E-03 0.294E-33 0.255E-03 0.450E-37 0.450E-37 0.450E-37 0.450E-37 0.450E-37 0.450E-37 0.450E-37
 18  0.35481E-03  308.80 0.450E-37 0.822E+00 0.244E-32 0.450E-37 0.450E-37 0.450E-37 0.450E-37 0.952E-18 0.163E+00 0.823E-02 0.467E-02 0.161E-20 0.111E-02 0.112E-03 0.252E-33 0.255E-03 0.450E-37 0.450E-37 0.450E-37 0.450E-37 0.450E-37 0.450E-37 0.450E-37
 19  0.50119E-03  306.20 0.450E-37 0.822E+00 0.999E-33 0.450E-37 0.450E-37 0.450E-37 0.450E-37 0.276E-18 0.163E+00 0.823E-02 0.467E-02 0.408E-21 0.121E-02 0.496E-04 0.171E-33 0.255E-03 0.450E-37 0.450E-37 0.450E-37 0.450E-37 0.450E-37 0.450E-37 0.450E-37
 20  0.70795E-03  303.37 0.450E-37 0.822E+00 0.378E-33 0.450E-37 0.450E-37 0.450E-37 0.450E-37 0.755E-19 0.163E+00 0.823E-02 0.468E-02 0.958E-22 0.130E-02 0.204E-04 0.108E-33 0.255E-03 0.450E-37 0.450E-37 0.450E-37 0.450E-37 0.450E-37 0.450E-37 0.450E-37
 21  0.10000E-02  300.68 0.450E-37 0.822E+00 0.147E-33 0.450E-37 0.450E-37 0.450E-37 0.450E-37 0.211E-19 0.163E+00 0.823E-02 0.468E-02 0.231E-22 0.136E-02 0.813E-05 0.696E-34 0.255E-03 0.450E-37 0.450E-37 0.450E-37 0.450E-37 0.450E-37 0.450E-37 0.450E-37
 22  0.14125E-02  298.44 0.450E-37 0.822E+00 0.642E-34 0.450E-37 0.450E-37 0.450E-37 0.450E-37 0.644E-20 0.163E+00 0.823E-02 0.468E-02 0.624E-23 0.137E-02 0.313E-05 0.484E-34 0.255E-03 0.450E-37 0.450E-37 0.450E-37 0.450E-37 0.450E-37 0.450E-37 0.450E-37
 23  0.19953E-02  296.73 0.450E-37 0.822E+00 0.326E-34 0.450E-37 0.450E-37 0.450E-37 0.450E-37 0.220E-20 0.163E+00 0.824E-02 0.468E-02 0.194E-23 0.137E-02 0.128E-05 0.383E-34 0.255E-03 0.450E-37 0.450E-37 0.450E-37 0.450E-37 0.450E-37 0.450E-37 0.450E-37
 24  0.28184E-02  295.59 0.450E-37 0.822E+00 0.195E-34 0.450E-37 0.450E-37 0.450E-37 0.450E-37 0.853E-21 0.163E+00 0.824E-02 0.468E-02 0.705E-24 0.138E-02 0.559E-06 0.355E-34 0.255E-03 0.450E-37 0.450E-37 0.450E-37 0.450E-37 0.450E-37 0.450E-37 0.450E-37
 25  0.39811E-02  295.43 0.450E-37 0.822E+00 0.156E-34 0.450E-37 0.450E-37 0.450E-37 0.450E-37 0.413E-21 0.163E+00 0.824E-02 0.468E-02 0.338E-24 0.138E-02 0.275E-06 0.440E-34 0.255E-03 0.450E-37 0.450E-37 0.450E-37 0.450E-37 0.450E-37 0.450E-37 0.450E-37
 26  0.56234E-02  296.64 0.450E-37 0.822E+00 0.189E-34 0.450E-37 0.450E-37 0.450E-37 0.450E-37 0.272E-21 0.163E+00 0.824E-02 0.468E-02 0.238E-24 0.138E-02 0.160E-06 0.810E-34 0.255E-03 0.450E-37 0.450E-37 0.450E-37 0.450E-37 0.450E-37 0.450E-37 0.450E-37
 27  0.79433E-02  299.43 0.450E-37 0.822E+00 0.362E-34 0.450E-37 0.450E-37 0.450E-37 0.450E-37 0.254E-21 0.163E+00 0.823E-02 0.468E-02 0.260E-24 0.138E-02 0.113E-06 0.235E-33 0.255E-03 0.450E-37 0.450E-37 0.450E-37 0.450E-37 0.450E-37 0.450E-37 0.450E-37
 28  0.11220E-01  304.25 0.450E-37 0.822E+00 0.122E-33 0.450E-37 0.450E-37 0.450E-37 0.450E-37 0.364E-21 0.163E+00 0.823E-02 0.468E-02 0.484E-24 0.138E-02 0.102E-06 0.107E-32 0.255E-03 0.450E-37 0.450E-37 0.450E-37 0.450E-37 0.450E-37 0.450E-37 0.450E-37
 29  0.15849E-01  311.25 0.450E-37 0.822E+00 0.712E-33 0.450E-37 0.450E-37 0.450E-37 0.450E-37 0.793E-21 0.163E+00 0.823E-02 0.468E-02 0.152E-23 0.138E-02 0.116E-06 0.792E-32 0.255E-03 0.450E-37 0.450E-37 0.450E-37 0.450E-37 0.450E-37 0.450E-37 0.450E-37
 30  0.22387E-01  320.48 0.450E-37 0.822E+00 0.679E-32 0.450E-37 0.450E-37 0.450E-37 0.450E-37 0.251E-20 0.163E+00 0.823E-02 0.468E-02 0.758E-23 0.138E-02 0.163E-06 0.906E-31 0.255E-03 0.450E-37 0.450E-37 0.450E-37 0.450E-37 0.450E-37 0.450E-37 0.450E-37
 31  0.31623E-01  333.17 0.450E-37 0.822E+00 0.129E-30 0.450E-37 0.450E-37 0.450E-37 0.450E-37 0.134E-19 0.163E+00 0.823E-02 0.468E-02 0.727E-22 0.138E-02 0.310E-06 0.191E-29 0.255E-03 0.450E-37 0.450E-37 0.450E-37 0.450E-37 0.450E-37 0.450E-37 0.450E-37
 32  0.44668E-01  351.56 0.450E-37 0.822E+00 0.670E-29 0.450E-37 0.450E-37 0.450E-37 0.450E-37 0.153E-18 0.163E+00 0.823E-02 0.468E-02 0.180E-20 0.137E-02 0.908E-06 0.978E-28 0.255E-03 0.450E-37 0.450E-37 0.450E-37 0.450E-37 0.450E-37 0.450E-37 0.450E-37
 33  0.63096E-01  378.47 0.450E-37 0.822E+00 0.115E-26 0.450E-37 0.450E-37 0.450E-37 0.450E-37 0.425E-17 0.163E+00 0.823E-02 0.468E-02 0.136E-18 0.136E-02 0.444E-05 0.142E-25 0.255E-03 0.450E-37 0.195E-35 0.450E-37 0.481E-37 0.458E-37 0.450E-37 0.450E-37
 34  0.89125E-01  416.94 0.451E-37 0.822E+00 0.586E-24 0.451E-37 0.451E-37 0.451E-37 0.451E-37 0.278E-15 0.163E+00 0.823E-02 0.468E-02 0.295E-16 0.127E-02 0.329E-04 0.521E-23 0.255E-03 0.451E-37 0.133E-24 0.116E-35 0.588E-35 0.326E-35 0.451E-37 0.451E-37
 35  0.12589E+00  465.42 0.451E-37 0.823E+00 0.354E-21 0.451E-37 0.451E-37 0.451E-37 0.451E-37 0.242E-13 0.163E+00 0.822E-02 0.467E-02 0.864E-14 0.944E-03 0.170E-03 0.210E-20 0.255E-03 0.101E-36 0.397E-21 0.118E-30 0.932E-30 0.438E-30 0.451E-37 0.451E-37
 36  0.17783E+00  514.86 0.210E-35 0.823E+00 0.687E-19 0.451E-37 0.451E-37 0.451E-37 0.451E-37 0.914E-12 0.163E+00 0.822E-02 0.467E-02 0.879E-12 0.543E-03 0.333E-03 0.297E-18 0.255E-03 0.392E-33 0.270E-18 0.326E-26 0.203E-25 0.928E-26 0.205E-36 0.353E-36
 37  0.25119E+00  568.17 0.422E-31 0.823E+00 0.710E-17 0.451E-37 0.451E-37 0.451E-37 0.451E-37 0.217E-10 0.163E+00 0.822E-02 0.467E-02 0.495E-10 0.311E-03 0.501E-03 0.235E-16 0.255E-03 0.247E-29 0.808E-16 0.273E-22 0.138E-21 0.641E-22 0.209E-34 0.201E-33
 38  0.35481E+00  629.70 0.217E-27 0.823E+00 0.564E-15 0.451E-37 0.860E-37 0.451E-37 0.451E-37 0.438E-09 0.163E+00 0.822E-02 0.467E-02 0.224E-08 0.163E-03 0.581E-03 0.141E-14 0.255E-03 0.924E-26 0.168E-13 0.194E-18 0.804E-18 0.175E-19 0.101E-30 0.978E-30
 39  0.50119E+00  697.79 0.607E-24 0.823E+00 0.288E-13 0.451E-37 0.146E-33 0.104E-34 0.451E-37 0.640E-08 0.163E+00 0.822E-02 0.467E-02 0.666E-07 0.905E-04 0.628E-03 0.558E-13 0.255E-03 0.146E-22 0.196E-11 0.721E-15 0.420E-15 0.241E-17 0.349E-27 0.277E-26
 40  0.70795E+00  773.03 0.132E-20 0.823E+00 0.981E-12 0.451E-37 0.340E-29 0.746E-31 0.874E-35 0.693E-07 0.163E+00 0.821E-02 0.466E-02 0.136E-05 0.537E-04 0.655E-03 0.152E-11 0.255E-03 0.106E-19 0.134E-09 0.133E-11 0.460E-13 0.222E-15 0.518E-24 0.345E-23
 41  0.10000E+01  856.01 0.128E-17 0.823E+00 0.232E-10 0.451E-37 0.285E-25 0.641E-27 0.933E-31 0.560E-06 0.163E+00 0.816E-02 0.462E-02 0.192E-04 0.341E-04 0.669E-03 0.296E-10 0.255E-03 0.374E-17 0.563E-08 0.542E-09 0.222E-11 0.133E-13 0.357E-21 0.203E-20
 42  0.14125E+01  947.31 0.322E-15 0.824E+00 0.393E-09 0.451E-37 0.499E-22 0.210E-23 0.948E-27 0.289E-05 0.163E+00 0.772E-02 0.417E-02 0.170E-03 0.231E-04 0.674E-03 0.461E-09 0.255E-03 0.687E-15 0.153E-06 0.353E-07 0.571E-10 0.431E-12 0.122E-18 0.604E-18
 43  0.19953E+01  998.66 0.271E-14 0.824E+00 0.141E-08 0.451E-37 0.116E-20 0.858E-22 0.663E-25 0.476E-05 0.163E+00 0.764E-02 0.409E-02 0.356E-03 0.228E-04 0.675E-03 0.192E-08 0.255E-03 0.704E-14 0.626E-06 0.133E-06 0.219E-09 0.185E-11 0.185E-17 0.858E-17
 44  0.28184E+01 1039.39 0.938E-14 0.824E+00 0.339E-08 0.451E-37 0.873E-20 0.114E-20 0.131E-23 0.513E-05 0.163E+00 0.739E-02 0.381E-02 0.466E-03 0.249E-04 0.674E-03 0.594E-08 0.256E-03 0.339E-13 0.156E-05 0.237E-06 0.403E-09 0.397E-11 0.125E-16 0.338E-16
 45  0.39811E+01 1075.43 0.248E-13 0.824E+00 0.675E-08 0.451E-37 0.451E-19 0.892E-20 0.141E-22 0.512E-05 0.163E+00 0.729E-02 0.373E-02 0.540E-03 0.283E-04 0.670E-03 0.154E-07 0.257E-03 0.116E-12 0.310E-05 0.376E-06 0.654E-09 0.716E-11 0.578E-16 0.998E-16
 46  0.56234E+01 1105.29 0.488E-13 0.824E+00 0.111E-07 0.451E-37 0.155E-18 0.407E-19 0.824E-22 0.462E-05 0.163E+00 0.732E-02 0.374E-02 0.538E-03 0.337E-04 0.667E-03 0.336E-07 0.258E-03 0.279E-12 0.477E-05 0.509E-06 0.898E-09 0.105E-10 0.183E-15 0.243E-15
 47  0.79433E+01 1131.90 0.762E-13 0.824E+00 0.166E-07 0.451E-37 0.398E-18 0.138E-18 0.346E-21 0.384E-05 0.163E+00 0.735E-02 0.374E-02 0.483E-03 0.411E-04 0.664E-03 0.669E-07 0.261E-03 0.554E-12 0.638E-05 0.560E-06 0.100E-08 0.128E-10 0.473E-15 0.702E-15
 48  0.10000E+02 1151.69 0.109E-12 0.824E+00 0.222E-07 0.451E-37 0.805E-18 0.335E-18 0.965E-21 0.378E-05 0.163E+00 0.750E-02 0.395E-02 0.497E-03 0.467E-04 0.663E-03 0.105E-06 0.262E-03 0.919E-12 0.868E-05 0.632E-06 0.115E-08 0.157E-10 0.937E-15 0.151E-14
 49  0.15849E+02 1202.98 0.288E-12 0.824E+00 0.476E-07 0.451E-37 0.469E-17 0.328E-17 0.136E-19 0.341E-05 0.163E+00 0.743E-02 0.387E-02 0.524E-03 0.574E-04 0.654E-03 0.322E-06 0.265E-03 0.349E-11 0.169E-04 0.877E-06 0.165E-08 0.259E-10 0.523E-14 0.103E-13
 50  0.22387E+02 1254.04 0.662E-12 0.824E+00 0.995E-07 0.451E-37 0.213E-16 0.285E-16 0.166E-18 0.335E-05 0.163E+00 0.724E-02 0.364E-02 0.602E-03 0.644E-04 0.651E-03 0.833E-06 0.268E-03 0.126E-10 0.209E-04 0.971E-06 0.183E-08 0.319E-10 0.260E-13 0.576E-13
 51  0.31623E+02 1319.70 0.191E-11 0.824E+00 0.244E-06 0.451E-37 0.133E-15 0.377E-15 0.324E-17 0.412E-05 0.163E+00 0.717E-02 0.361E-02 0.873E-03 0.696E-04 0.650E-03 0.211E-05 0.273E-03 0.604E-10 0.322E-04 0.117E-05 0.224E-08 0.449E-10 0.175E-12 0.439E-12
 52  0.44668E+02 1396.78 0.568E-11 0.825E+00 0.633E-06 0.451E-37 0.869E-15 0.594E-14 0.779E-16 0.417E-05 0.163E+00 0.672E-02 0.314E-02 0.111E-02 0.737E-04 0.642E-03 0.427E-05 0.273E-03 0.319E-09 0.326E-04 0.127E-05 0.241E-08 0.535E-10 0.132E-11 0.361E-11
 53  0.63096E+02 1485.32 0.177E-10 0.825E+00 0.169E-05 0.451E-37 0.603E-14 0.981E-13 0.197E-14 0.433E-05 0.162E+00 0.635E-02 0.267E-02 0.142E-02 0.779E-04 0.640E-03 0.438E-05 0.272E-03 0.174E-08 0.329E-04 0.137E-05 0.259E-08 0.637E-10 0.103E-10 0.296E-10
 54  0.89125E+02 1588.70 0.575E-10 0.826E+00 0.465E-05 0.451E-37 0.438E-13 0.173E-11 0.537E-13 0.495E-05 0.162E+00 0.605E-02 0.241E-02 0.200E-02 0.820E-04 0.642E-03 0.413E-05 0.272E-03 0.100E-07 0.332E-04 0.149E-05 0.283E-08 0.779E-10 0.857E-10 0.248E-09
 55  0.12589E+03 1710.30 0.191E-09 0.827E+00 0.132E-04 0.188E-35 0.327E-12 0.331E-10 0.161E-11 0.464E-05 0.162E+00 0.552E-02 0.190E-02 0.240E-02 0.853E-04 0.635E-03 0.373E-05 0.272E-03 0.594E-07 0.335E-04 0.163E-05 0.309E-08 0.962E-10 0.742E-09 0.211E-08
 56  0.17783E+03 1860.09 0.682E-09 0.827E+00 0.399E-04 0.234E-32 0.268E-11 0.727E-09 0.543E-10 0.431E-05 0.162E+00 0.512E-02 0.137E-02 0.282E-02 0.876E-04 0.631E-03 0.321E-05 0.270E-03 0.376E-06 0.339E-04 0.177E-05 0.338E-08 0.121E-09 0.697E-08 0.195E-07
 57  0.25119E+03 2035.04 0.239E-08 0.827E+00 0.118E-03 0.258E-29 0.210E-10 0.132E-07 0.144E-08 0.415E-05 0.162E+00 0.477E-02 0.103E-02 0.338E-02 0.908E-04 0.631E-03 0.270E-05 0.267E-03 0.214E-05 0.342E-04 0.191E-05 0.365E-08 0.146E-09 0.588E-07 0.125E-06
 58  0.35481E+03 2222.24 0.721E-08 0.828E+00 0.309E-03 0.136E-26 0.131E-09 0.689E-07 0.213E-07 0.397E-05 0.162E+00 0.454E-02 0.836E-03 0.387E-02 0.975E-04 0.631E-03 0.228E-05 0.258E-03 0.958E-05 0.341E-04 0.198E-05 0.378E-08 0.163E-09 0.383E-06 0.291E-06
 59  0.50119E+03 2421.82 0.189E-07 0.827E+00 0.718E-03 0.367E-24 0.655E-09 0.738E-07 0.189E-06 0.432E-05 0.161E+00 0.501E-02 0.634E-03 0.425E-02 0.108E-03 0.632E-03 0.197E-05 0.240E-03 0.348E-04 0.337E-04 0.198E-05 0.376E-08 0.167E-09 0.198E-05 0.404E-06
 60  0.70795E+03 2633.16 0.435E-07 0.826E+00 0.150E-02 0.544E-22 0.270E-08 0.674E-07 0.141E-05 0.411E-05 0.161E+00 0.505E-02 0.560E-03 0.441E-02 0.123E-03 0.633E-03 0.176E-05 0.237E-03 0.126E-03 0.331E-04 0.195E-05 0.370E-08 0.166E-09 0.101E-04 0.548E-06
 61  0.10000E+04 2855.78 0.900E-07 0.826E+00 0.286E-02 0.464E-20 0.946E-08 0.550E-07 0.139E-05 0.380E-05 0.161E+00 0.497E-02 0.552E-03 0.448E-02 0.144E-03 0.633E-03 0.164E-05 0.239E-03 0.495E-03 0.325E-04 0.192E-05 0.361E-08 0.163E-09 0.550E-04 0.727E-06
