   25.000000000000000     
  1  0.10000E-05  164.40 0.473E-37 0.787E+00 0.473E-37 0.473E-37 0.473E-37 0.473E-37 0.473E-37 0.524E-36 0.176E+00 0.210E-02 0.252E-01 0.473E-37 0.743E-02 0.581E-10 0.473E-37 0.138E-02 0.473E-37 0.473E-37 0.473E-37 0.473E-37 0.473E-37 0.473E-37 0.473E-37
  2  0.14100E-05  160.03 0.475E-37 0.789E+00 0.475E-37 0.475E-37 0.475E-37 0.475E-37 0.475E-37 0.482E-37 0.176E+00 0.537E-03 0.253E-01 0.475E-37 0.745E-02 0.528E-11 0.475E-37 0.138E-02 0.475E-37 0.475E-37 0.475E-37 0.475E-37 0.475E-37 0.475E-37 0.475E-37
  3  0.20000E-05  159.68 0.475E-37 0.789E+00 0.475E-37 0.475E-37 0.475E-37 0.475E-37 0.475E-37 0.475E-37 0.176E+00 0.348E-03 0.253E-01 0.475E-37 0.745E-02 0.227E-11 0.475E-37 0.138E-02 0.475E-37 0.475E-37 0.475E-37 0.475E-37 0.475E-37 0.475E-37 0.475E-37
  4  0.28200E-05  159.33 0.475E-37 0.789E+00 0.475E-37 0.475E-37 0.475E-37 0.475E-37 0.475E-37 0.475E-37 0.176E+00 0.227E-03 0.253E-01 0.475E-37 0.746E-02 0.994E-12 0.475E-37 0.137E-02 0.475E-37 0.475E-37 0.475E-37 0.475E-37 0.475E-37 0.475E-37 0.475E-37
  5  0.39800E-05  159.00 0.475E-37 0.790E+00 0.475E-37 0.475E-37 0.475E-37 0.475E-37 0.475E-37 0.475E-37 0.176E+00 0.148E-03 0.253E-01 0.475E-37 0.746E-02 0.436E-12 0.475E-37 0.132E-02 0.475E-37 0.475E-37 0.475E-37 0.475E-37 0.475E-37 0.475E-37 0.475E-37
  6  0.56200E-05  158.66 0.475E-37 0.790E+00 0.475E-37 0.475E-37 0.475E-37 0.475E-37 0.475E-37 0.475E-37 0.176E+00 0.966E-04 0.253E-01 0.475E-37 0.746E-02 0.191E-12 0.475E-37 0.125E-02 0.475E-37 0.475E-37 0.475E-37 0.475E-37 0.475E-37 0.475E-37 0.475E-37
  7  0.79400E-05  158.43 0.475E-37 0.790E+00 0.475E-37 0.475E-37 0.475E-37 0.475E-37 0.475E-37 0.475E-37 0.176E+00 0.646E-04 0.253E-01 0.475E-37 0.746E-02 0.869E-13 0.475E-37 0.117E-02 0.475E-37 0.475E-37 0.475E-37 0.475E-37 0.475E-37 0.475E-37 0.475E-37
  8  0.11220E-04  158.36 0.475E-37 0.790E+00 0.475E-37 0.475E-37 0.475E-37 0.475E-37 0.475E-37 0.475E-37 0.176E+00 0.449E-04 0.253E-01 0.475E-37 0.746E-02 0.423E-13 0.475E-37 0.108E-02 0.475E-37 0.475E-37 0.475E-37 0.475E-37 0.475E-37 0.475E-37 0.475E-37
  9  0.15850E-04  158.60 0.475E-37 0.790E+00 0.475E-37 0.475E-37 0.475E-37 0.475E-37 0.475E-37 0.475E-37 0.176E+00 0.337E-04 0.253E-01 0.475E-37 0.746E-02 0.234E-13 0.475E-37 0.103E-02 0.475E-37 0.475E-37 0.475E-37 0.475E-37 0.475E-37 0.475E-37 0.475E-37
 10  0.22390E-04  159.29 0.475E-37 0.790E+00 0.475E-37 0.475E-37 0.475E-37 0.475E-37 0.475E-37 0.475E-37 0.176E+00 0.283E-04 0.253E-01 0.475E-37 0.746E-02 0.155E-13 0.475E-37 0.108E-02 0.475E-37 0.475E-37 0.475E-37 0.475E-37 0.475E-37 0.475E-37 0.475E-37
 11  0.31620E-04  160.73 0.475E-37 0.790E+00 0.475E-37 0.475E-37 0.475E-37 0.475E-37 0.475E-37 0.475E-37 0.176E+00 0.283E-04 0.253E-01 0.475E-37 0.746E-02 0.139E-13 0.475E-37 0.115E-02 0.475E-37 0.475E-37 0.475E-37 0.475E-37 0.475E-37 0.475E-37 0.475E-37
 12  0.44670E-04  161.82 0.475E-37 0.790E+00 0.475E-37 0.475E-37 0.475E-37 0.475E-37 0.475E-37 0.475E-37 0.176E+00 0.260E-04 0.253E-01 0.475E-37 0.746E-02 0.107E-13 0.475E-37 0.889E-03 0.475E-37 0.475E-37 0.475E-37 0.475E-37 0.475E-37 0.475E-37 0.475E-37
 13  0.63100E-04  161.72 0.475E-37 0.790E+00 0.475E-37 0.475E-37 0.475E-37 0.475E-37 0.475E-37 0.475E-37 0.176E+00 0.180E-04 0.253E-01 0.475E-37 0.746E-02 0.518E-14 0.475E-37 0.667E-03 0.475E-37 0.475E-37 0.475E-37 0.475E-37 0.475E-37 0.475E-37 0.475E-37
 14  0.89120E-04  160.44 0.476E-37 0.790E+00 0.476E-37 0.476E-37 0.476E-37 0.476E-37 0.476E-37 0.476E-37 0.176E+00 0.939E-05 0.253E-01 0.476E-37 0.747E-02 0.156E-14 0.476E-37 0.426E-03 0.476E-37 0.476E-37 0.476E-37 0.476E-37 0.476E-37 0.476E-37 0.476E-37
 15  0.12589E-03  158.15 0.476E-37 0.790E+00 0.476E-37 0.476E-37 0.476E-37 0.476E-37 0.476E-37 0.476E-37 0.177E+00 0.381E-05 0.253E-01 0.476E-37 0.747E-02 0.309E-15 0.476E-37 0.190E-03 0.476E-37 0.476E-37 0.476E-37 0.476E-37 0.476E-37 0.476E-37 0.476E-37
 16  0.17783E-03  155.40 0.476E-37 0.790E+00 0.476E-37 0.476E-37 0.476E-37 0.476E-37 0.476E-37 0.476E-37 0.177E+00 0.135E-05 0.254E-01 0.476E-37 0.748E-02 0.492E-16 0.476E-37 0.722E-04 0.476E-37 0.476E-37 0.476E-37 0.476E-37 0.476E-37 0.476E-37 0.476E-37
 17  0.25119E-03  152.76 0.476E-37 0.790E+00 0.476E-37 0.476E-37 0.476E-37 0.476E-37 0.476E-37 0.476E-37 0.177E+00 0.483E-06 0.254E-01 0.476E-37 0.748E-02 0.787E-17 0.476E-37 0.276E-04 0.476E-37 0.476E-37 0.476E-37 0.476E-37 0.476E-37 0.476E-37 0.476E-37
 18  0.35481E-03  150.17 0.476E-37 0.790E+00 0.476E-37 0.476E-37 0.476E-37 0.476E-37 0.476E-37 0.476E-37 0.177E+00 0.170E-06 0.254E-01 0.476E-37 0.749E-02 0.124E-17 0.476E-37 0.104E-04 0.476E-37 0.476E-37 0.476E-37 0.476E-37 0.476E-37 0.476E-37 0.476E-37
 19  0.50119E-03  147.59 0.476E-37 0.790E+00 0.476E-37 0.476E-37 0.476E-37 0.476E-37 0.476E-37 0.476E-37 0.177E+00 0.586E-07 0.254E-01 0.476E-37 0.749E-02 0.188E-18 0.476E-37 0.387E-05 0.476E-37 0.476E-37 0.476E-37 0.476E-37 0.476E-37 0.476E-37 0.476E-37
 20  0.70795E-03  145.17 0.476E-37 0.790E+00 0.476E-37 0.476E-37 0.476E-37 0.476E-37 0.476E-37 0.476E-37 0.177E+00 0.207E-07 0.254E-01 0.476E-37 0.749E-02 0.296E-19 0.476E-37 0.146E-05 0.476E-37 0.476E-37 0.476E-37 0.476E-37 0.476E-37 0.476E-37 0.476E-37
 21  0.10000E-02  142.68 0.476E-37 0.790E+00 0.476E-37 0.476E-37 0.476E-37 0.476E-37 0.476E-37 0.476E-37 0.177E+00 0.697E-08 0.254E-01 0.476E-37 0.749E-02 0.433E-20 0.476E-37 0.531E-06 0.476E-37 0.476E-37 0.476E-37 0.476E-37 0.476E-37 0.476E-37 0.476E-37
 22  0.14125E-02  140.34 0.476E-37 0.790E+00 0.476E-37 0.476E-37 0.476E-37 0.476E-37 0.476E-37 0.476E-37 0.177E+00 0.240E-08 0.254E-01 0.476E-37 0.749E-02 0.656E-21 0.476E-37 0.197E-06 0.476E-37 0.476E-37 0.476E-37 0.476E-37 0.476E-37 0.476E-37 0.476E-37
 23  0.19953E-02  139.07 0.477E-37 0.791E+00 0.477E-37 0.477E-37 0.477E-37 0.477E-37 0.477E-37 0.477E-37 0.177E+00 0.114E-08 0.254E-01 0.477E-37 0.682E-02 0.112E-21 0.477E-37 0.969E-07 0.477E-37 0.477E-37 0.477E-37 0.477E-37 0.477E-37 0.477E-37 0.477E-37
 24  0.28184E-02  138.79 0.477E-37 0.791E+00 0.477E-37 0.477E-37 0.477E-37 0.477E-37 0.477E-37 0.477E-37 0.177E+00 0.737E-09 0.254E-01 0.477E-37 0.638E-02 0.400E-22 0.477E-37 0.635E-07 0.477E-37 0.477E-37 0.477E-37 0.477E-37 0.477E-37 0.477E-37 0.477E-37
 25  0.39811E-02  139.31 0.477E-37 0.791E+00 0.477E-37 0.477E-37 0.477E-37 0.477E-37 0.477E-37 0.477E-37 0.177E+00 0.616E-09 0.254E-01 0.477E-37 0.577E-02 0.155E-22 0.477E-37 0.522E-07 0.477E-37 0.477E-37 0.477E-37 0.477E-37 0.477E-37 0.477E-37 0.477E-37
 26  0.56234E-02  140.72 0.477E-37 0.792E+00 0.477E-37 0.477E-37 0.477E-37 0.477E-37 0.477E-37 0.477E-37 0.177E+00 0.679E-09 0.254E-01 0.477E-37 0.542E-02 0.982E-23 0.477E-37 0.550E-07 0.477E-37 0.477E-37 0.477E-37 0.477E-37 0.477E-37 0.477E-37 0.477E-37
 27  0.79433E-02  142.09 0.478E-37 0.792E+00 0.478E-37 0.478E-37 0.478E-37 0.478E-37 0.478E-37 0.478E-37 0.177E+00 0.735E-09 0.255E-01 0.478E-37 0.491E-02 0.601E-23 0.478E-37 0.571E-07 0.478E-37 0.478E-37 0.478E-37 0.478E-37 0.478E-37 0.478E-37 0.478E-37
 28  0.11220E-01  143.08 0.478E-37 0.792E+00 0.478E-37 0.478E-37 0.478E-37 0.478E-37 0.478E-37 0.478E-37 0.177E+00 0.704E-09 0.255E-01 0.478E-37 0.440E-02 0.342E-23 0.478E-37 0.530E-07 0.478E-37 0.478E-37 0.478E-37 0.478E-37 0.478E-37 0.478E-37 0.478E-37
 29  0.15849E-01  143.34 0.478E-37 0.793E+00 0.478E-37 0.478E-37 0.478E-37 0.478E-37 0.478E-37 0.478E-37 0.177E+00 0.539E-09 0.255E-01 0.478E-37 0.358E-02 0.113E-23 0.478E-37 0.403E-07 0.478E-37 0.478E-37 0.478E-37 0.478E-37 0.478E-37 0.478E-37 0.478E-37
 30  0.22387E-01  143.28 0.478E-37 0.793E+00 0.478E-37 0.478E-37 0.478E-37 0.478E-37 0.478E-37 0.478E-37 0.178E+00 0.375E-09 0.255E-01 0.478E-37 0.282E-02 0.285E-24 0.478E-37 0.281E-07 0.478E-37 0.478E-37 0.478E-37 0.478E-37 0.478E-37 0.478E-37 0.478E-37
 31  0.31623E-01  143.51 0.478E-37 0.794E+00 0.478E-37 0.478E-37 0.478E-37 0.478E-37 0.478E-37 0.478E-37 0.178E+00 0.285E-09 0.255E-01 0.478E-37 0.230E-02 0.923E-25 0.478E-37 0.211E-07 0.478E-37 0.478E-37 0.478E-37 0.478E-37 0.478E-37 0.478E-37 0.478E-37
 32  0.44668E-01  144.13 0.479E-37 0.794E+00 0.479E-37 0.479E-37 0.479E-37 0.479E-37 0.479E-37 0.479E-37 0.178E+00 0.242E-09 0.255E-01 0.479E-37 0.181E-02 0.401E-25 0.479E-37 0.177E-07 0.479E-37 0.479E-37 0.479E-37 0.479E-37 0.479E-37 0.479E-37 0.479E-37
 33  0.63096E-01  145.10 0.479E-37 0.794E+00 0.479E-37 0.479E-37 0.479E-37 0.479E-37 0.479E-37 0.479E-37 0.178E+00 0.228E-09 0.255E-01 0.479E-37 0.152E-02 0.237E-25 0.479E-37 0.162E-07 0.479E-37 0.479E-37 0.479E-37 0.479E-37 0.479E-37 0.479E-37 0.479E-37
 34  0.89125E-01  146.69 0.479E-37 0.795E+00 0.479E-37 0.479E-37 0.479E-37 0.479E-37 0.479E-37 0.479E-37 0.178E+00 0.256E-09 0.255E-01 0.479E-37 0.142E-02 0.235E-25 0.479E-37 0.174E-07 0.479E-37 0.479E-37 0.479E-37 0.479E-37 0.479E-37 0.479E-37 0.479E-37
 35  0.12589E+00  149.83 0.479E-37 0.795E+00 0.479E-37 0.479E-37 0.479E-37 0.479E-37 0.479E-37 0.479E-37 0.178E+00 0.439E-09 0.255E-01 0.479E-37 0.169E-02 0.828E-25 0.479E-37 0.272E-07 0.479E-37 0.479E-37 0.479E-37 0.479E-37 0.479E-37 0.479E-37 0.479E-37
 36  0.17783E+00  154.49 0.478E-37 0.794E+00 0.478E-37 0.478E-37 0.478E-37 0.478E-37 0.478E-37 0.478E-37 0.178E+00 0.107E-08 0.255E-01 0.478E-37 0.234E-02 0.987E-24 0.478E-37 0.587E-07 0.478E-37 0.478E-37 0.478E-37 0.478E-37 0.478E-37 0.478E-37 0.478E-37
 37  0.25119E+00  167.39 0.477E-37 0.791E+00 0.477E-37 0.477E-37 0.477E-37 0.477E-37 0.477E-37 0.477E-37 0.177E+00 0.165E-07 0.254E-01 0.477E-37 0.633E-02 0.157E-20 0.477E-37 0.662E-06 0.477E-37 0.477E-37 0.477E-37 0.477E-37 0.477E-37 0.477E-37 0.477E-37
 38  0.35481E+00  187.08 0.476E-37 0.790E+00 0.476E-37 0.476E-37 0.476E-37 0.476E-37 0.476E-37 0.476E-37 0.177E+00 0.567E-06 0.254E-01 0.476E-37 0.748E-02 0.997E-18 0.476E-37 0.154E-04 0.476E-37 0.476E-37 0.476E-37 0.476E-37 0.476E-37 0.476E-37 0.476E-37
 39  0.50119E+00  208.81 0.477E-37 0.790E+00 0.477E-37 0.477E-37 0.477E-37 0.477E-37 0.477E-37 0.477E-37 0.177E+00 0.124E-04 0.254E-01 0.477E-37 0.748E-02 0.173E-15 0.477E-37 0.238E-03 0.477E-37 0.477E-37 0.477E-37 0.477E-37 0.477E-37 0.477E-37 0.477E-37
 40  0.70795E+00  232.69 0.476E-37 0.789E+00 0.476E-37 0.476E-37 0.476E-37 0.476E-37 0.476E-37 0.760E-36 0.176E+00 0.183E-03 0.253E-01 0.528E-37 0.747E-02 0.161E-13 0.476E-37 0.138E-02 0.476E-37 0.476E-37 0.476E-37 0.476E-37 0.476E-37 0.476E-37 0.476E-37
 41  0.10000E+01  258.93 0.475E-37 0.788E+00 0.475E-37 0.475E-37 0.475E-37 0.475E-37 0.475E-37 0.186E-30 0.176E+00 0.190E-02 0.253E-01 0.602E-34 0.746E-02 0.873E-12 0.475E-37 0.138E-02 0.475E-37 0.475E-37 0.475E-37 0.475E-37 0.475E-37 0.475E-37 0.475E-37
 42  0.14125E+01  287.75 0.469E-37 0.778E+00 0.120E-36 0.469E-37 0.469E-37 0.469E-37 0.469E-37 0.872E-26 0.174E+00 0.123E-01 0.250E-01 0.290E-29 0.737E-02 0.295E-10 0.383E-34 0.136E-02 0.469E-37 0.469E-37 0.469E-37 0.469E-37 0.469E-37 0.469E-37 0.469E-37
 43  0.19953E+01  319.49 0.452E-37 0.763E+00 0.539E-33 0.452E-37 0.452E-37 0.452E-37 0.452E-37 0.363E-22 0.168E+00 0.367E-01 0.241E-01 0.218E-25 0.710E-02 0.619E-09 0.215E-30 0.131E-02 0.452E-37 0.452E-37 0.452E-37 0.452E-37 0.452E-37 0.452E-37 0.452E-37
 44  0.28184E+01  354.48 0.450E-37 0.759E+00 0.150E-29 0.450E-37 0.450E-37 0.450E-37 0.450E-37 0.113E-19 0.167E+00 0.421E-01 0.239E-01 0.270E-22 0.706E-02 0.100E-07 0.386E-27 0.131E-02 0.450E-37 0.450E-37 0.450E-37 0.450E-37 0.450E-37 0.450E-37 0.450E-37
 45  0.39811E+01  393.15 0.452E-37 0.759E+00 0.185E-26 0.452E-37 0.452E-37 0.452E-37 0.452E-37 0.137E-17 0.167E+00 0.421E-01 0.239E-01 0.129E-19 0.706E-02 0.120E-06 0.319E-24 0.131E-02 0.452E-37 0.191E-30 0.452E-37 0.452E-37 0.452E-37 0.452E-37 0.452E-37
 46  0.56234E+01  435.92 0.453E-37 0.759E+00 0.111E-23 0.453E-37 0.453E-37 0.453E-37 0.453E-37 0.111E-15 0.167E+00 0.421E-01 0.239E-01 0.353E-17 0.706E-02 0.109E-05 0.132E-21 0.131E-02 0.453E-37 0.295E-25 0.228E-36 0.600E-36 0.423E-36 0.453E-37 0.453E-37
 47  0.79433E+01  483.28 0.453E-37 0.759E+00 0.347E-21 0.453E-37 0.453E-37 0.453E-37 0.453E-37 0.591E-14 0.167E+00 0.421E-01 0.239E-01 0.557E-15 0.703E-02 0.775E-05 0.293E-19 0.131E-02 0.103E-36 0.376E-22 0.267E-32 0.192E-31 0.925E-32 0.453E-37 0.453E-37
 48  0.10000E+02  517.63 0.326E-36 0.759E+00 0.116E-19 0.453E-37 0.453E-37 0.453E-37 0.453E-37 0.670E-13 0.167E+00 0.421E-01 0.239E-01 0.122E-13 0.692E-02 0.248E-04 0.784E-18 0.131E-02 0.117E-34 0.287E-20 0.229E-29 0.141E-28 0.707E-29 0.158E-36 0.301E-36
 49  0.15849E+02  593.80 0.105E-32 0.759E+00 0.639E-17 0.453E-37 0.453E-37 0.453E-37 0.453E-37 0.515E-11 0.167E+00 0.421E-01 0.239E-01 0.303E-11 0.630E-02 0.168E-03 0.293E-15 0.131E-02 0.173E-29 0.671E-17 0.418E-24 0.194E-23 0.105E-23 0.833E-34 0.909E-33
 50  0.22387E+02  658.06 0.760E-29 0.760E+00 0.417E-15 0.453E-37 0.102E-36 0.691E-37 0.453E-37 0.894E-10 0.167E+00 0.421E-01 0.239E-01 0.113E-09 0.557E-02 0.508E-03 0.147E-13 0.131E-02 0.443E-26 0.108E-14 0.126E-20 0.484E-20 0.211E-20 0.482E-30 0.428E-29
 51  0.31623E+02  729.13 0.121E-25 0.760E+00 0.178E-13 0.453E-37 0.583E-34 0.204E-35 0.538E-37 0.114E-08 0.166E+00 0.420E-01 0.239E-01 0.284E-08 0.462E-02 0.113E-02 0.495E-12 0.130E-02 0.497E-23 0.996E-13 0.180E-17 0.578E-17 0.440E-18 0.115E-26 0.845E-26
 52  0.44668E+02  807.60 0.102E-22 0.761E+00 0.518E-12 0.453E-37 0.484E-30 0.322E-31 0.152E-35 0.109E-07 0.166E+00 0.420E-01 0.239E-01 0.494E-07 0.328E-02 0.159E-02 0.116E-10 0.130E-02 0.262E-20 0.550E-11 0.144E-14 0.281E-14 0.206E-16 0.122E-23 0.756E-23
 53  0.63096E+02  894.10 0.423E-20 0.762E+00 0.106E-10 0.453E-37 0.158E-26 0.179E-27 0.278E-31 0.801E-07 0.166E+00 0.420E-01 0.238E-01 0.613E-06 0.244E-02 0.208E-02 0.197E-09 0.130E-02 0.696E-18 0.192E-09 0.644E-12 0.113E-12 0.763E-15 0.619E-21 0.330E-20
 54  0.89125E+02  989.17 0.149E-17 0.762E+00 0.157E-09 0.453E-37 0.352E-23 0.385E-24 0.174E-27 0.459E-06 0.166E+00 0.419E-01 0.238E-01 0.556E-05 0.187E-02 0.251E-02 0.250E-08 0.130E-02 0.983E-16 0.438E-08 0.158E-09 0.268E-11 0.212E-13 0.160E-18 0.749E-18
 55  0.12589E+03 1093.33 0.265E-15 0.763E+00 0.174E-08 0.453E-37 0.329E-20 0.351E-21 0.409E-24 0.208E-05 0.166E+00 0.419E-01 0.238E-01 0.376E-04 0.144E-02 0.269E-02 0.246E-07 0.130E-02 0.771E-14 0.684E-07 0.160E-07 0.390E-10 0.365E-12 0.221E-16 0.309E-16
 56  0.17783E+03 1207.05 0.104E-13 0.764E+00 0.148E-07 0.453E-37 0.570E-18 0.147E-18 0.400E-21 0.739E-05 0.166E+00 0.415E-01 0.234E-01 0.191E-03 0.117E-02 0.283E-02 0.193E-06 0.130E-02 0.356E-12 0.746E-06 0.167E-06 0.286E-09 0.318E-11 0.174E-14 0.346E-14
 57  0.25119E+03 1330.77 0.174E-12 0.765E+00 0.987E-07 0.453E-37 0.359E-16 0.306E-16 0.178E-18 0.202E-04 0.165E+00 0.405E-01 0.224E-01 0.720E-03 0.101E-02 0.296E-02 0.125E-05 0.130E-02 0.103E-10 0.574E-05 0.599E-06 0.111E-08 0.148E-10 0.832E-13 0.212E-12
 58  0.35481E+03 1464.92 0.175E-11 0.766E+00 0.532E-06 0.453E-37 0.119E-14 0.338E-14 0.384E-16 0.485E-04 0.165E+00 0.399E-01 0.222E-01 0.227E-02 0.913E-03 0.306E-02 0.630E-05 0.132E-02 0.198E-09 0.325E-04 0.134E-05 0.264E-08 0.421E-10 0.257E-11 0.729E-11
 59  0.50119E+03 1609.99 0.127E-10 0.770E+00 0.237E-05 0.583E-37 0.250E-13 0.217E-12 0.452E-14 0.990E-04 0.164E+00 0.382E-01 0.238E-01 0.608E-02 0.866E-03 0.313E-02 0.201E-04 0.138E-02 0.265E-08 0.117E-03 0.224E-05 0.456E-08 0.849E-10 0.539E-10 0.156E-09
 60  0.70795E+03 1766.43 0.783E-10 0.779E+00 0.893E-05 0.112E-34 0.401E-12 0.915E-11 0.337E-12 0.126E-03 0.162E+00 0.316E-01 0.257E-01 0.115E-01 0.861E-03 0.314E-02 0.233E-04 0.136E-02 0.254E-07 0.129E-03 0.324E-05 0.651E-08 0.140E-09 0.796E-09 0.223E-08
 61  0.10000E+04 1934.72 0.384E-09 0.788E+00 0.289E-04 0.156E-31 0.465E-11 0.255E-09 0.156E-10 0.119E-03 0.160E+00 0.246E-01 0.264E-01 0.166E-01 0.888E-03 0.314E-02 0.225E-04 0.135E-02 0.171E-06 0.137E-03 0.437E-05 0.865E-08 0.216E-09 0.809E-08 0.227E-07
