   25.000000000000000     
  1  0.10000E-05  163.10 0.464E-37 0.806E+00 0.464E-37 0.464E-37 0.464E-37 0.464E-37 0.464E-37 0.208E-36 0.170E+00 0.153E-02 0.154E-01 0.464E-37 0.455E-02 0.118E-10 0.464E-37 0.842E-03 0.464E-37 0.464E-37 0.464E-37 0.464E-37 0.464E-37 0.464E-37 0.464E-37
  2  0.14100E-05  159.03 0.465E-37 0.808E+00 0.465E-37 0.465E-37 0.465E-37 0.465E-37 0.465E-37 0.465E-37 0.171E+00 0.412E-03 0.155E-01 0.465E-37 0.456E-02 0.118E-11 0.465E-37 0.844E-03 0.465E-37 0.465E-37 0.465E-37 0.465E-37 0.465E-37 0.465E-37 0.465E-37
  3  0.20000E-05  159.43 0.465E-37 0.808E+00 0.465E-37 0.465E-37 0.465E-37 0.465E-37 0.465E-37 0.465E-37 0.171E+00 0.321E-03 0.155E-01 0.465E-37 0.456E-02 0.689E-12 0.465E-37 0.844E-03 0.465E-37 0.465E-37 0.465E-37 0.465E-37 0.465E-37 0.465E-37 0.465E-37
  4  0.28200E-05  158.80 0.465E-37 0.808E+00 0.465E-37 0.465E-37 0.465E-37 0.465E-37 0.465E-37 0.465E-37 0.171E+00 0.195E-03 0.155E-01 0.465E-37 0.456E-02 0.268E-12 0.465E-37 0.844E-03 0.465E-37 0.465E-37 0.465E-37 0.465E-37 0.465E-37 0.465E-37 0.465E-37
  5  0.39800E-05  157.95 0.465E-37 0.808E+00 0.465E-37 0.465E-37 0.465E-37 0.465E-37 0.465E-37 0.465E-37 0.171E+00 0.112E-03 0.155E-01 0.465E-37 0.456E-02 0.952E-13 0.465E-37 0.811E-03 0.465E-37 0.465E-37 0.465E-37 0.465E-37 0.465E-37 0.465E-37 0.465E-37
  6  0.56200E-05  156.39 0.465E-37 0.808E+00 0.465E-37 0.465E-37 0.465E-37 0.465E-37 0.465E-37 0.465E-37 0.171E+00 0.537E-04 0.155E-01 0.465E-37 0.456E-02 0.249E-13 0.465E-37 0.719E-03 0.465E-37 0.465E-37 0.465E-37 0.465E-37 0.465E-37 0.465E-37 0.465E-37
  7  0.79400E-05  154.19 0.466E-37 0.808E+00 0.466E-37 0.466E-37 0.466E-37 0.466E-37 0.466E-37 0.466E-37 0.171E+00 0.217E-04 0.155E-01 0.466E-37 0.457E-02 0.488E-14 0.466E-37 0.562E-03 0.466E-37 0.466E-37 0.466E-37 0.466E-37 0.466E-37 0.466E-37 0.466E-37
  8  0.11220E-04  152.46 0.466E-37 0.808E+00 0.466E-37 0.466E-37 0.466E-37 0.466E-37 0.466E-37 0.466E-37 0.171E+00 0.976E-05 0.155E-01 0.466E-37 0.457E-02 0.115E-14 0.466E-37 0.401E-03 0.466E-37 0.466E-37 0.466E-37 0.466E-37 0.466E-37 0.466E-37 0.466E-37
  9  0.15850E-04  152.64 0.466E-37 0.808E+00 0.466E-37 0.466E-37 0.466E-37 0.466E-37 0.466E-37 0.466E-37 0.171E+00 0.723E-05 0.155E-01 0.466E-37 0.457E-02 0.623E-15 0.466E-37 0.318E-03 0.466E-37 0.466E-37 0.466E-37 0.466E-37 0.466E-37 0.466E-37 0.466E-37
 10  0.22390E-04  154.05 0.466E-37 0.808E+00 0.466E-37 0.466E-37 0.466E-37 0.466E-37 0.466E-37 0.466E-37 0.171E+00 0.742E-05 0.155E-01 0.466E-37 0.457E-02 0.579E-15 0.466E-37 0.316E-03 0.466E-37 0.466E-37 0.466E-37 0.466E-37 0.466E-37 0.466E-37 0.466E-37
 11  0.31620E-04  156.44 0.466E-37 0.808E+00 0.466E-37 0.466E-37 0.466E-37 0.466E-37 0.466E-37 0.466E-37 0.171E+00 0.969E-05 0.155E-01 0.466E-37 0.457E-02 0.804E-15 0.466E-37 0.410E-03 0.466E-37 0.466E-37 0.466E-37 0.466E-37 0.466E-37 0.466E-37 0.466E-37
 12  0.44670E-04  158.45 0.466E-37 0.808E+00 0.466E-37 0.466E-37 0.466E-37 0.466E-37 0.466E-37 0.466E-37 0.171E+00 0.113E-04 0.155E-01 0.466E-37 0.456E-02 0.927E-15 0.466E-37 0.464E-03 0.466E-37 0.466E-37 0.466E-37 0.466E-37 0.466E-37 0.466E-37 0.466E-37
 13  0.63100E-04  159.03 0.466E-37 0.809E+00 0.466E-37 0.466E-37 0.466E-37 0.466E-37 0.466E-37 0.466E-37 0.171E+00 0.923E-05 0.155E-01 0.466E-37 0.457E-02 0.589E-15 0.466E-37 0.402E-03 0.466E-37 0.466E-37 0.466E-37 0.466E-37 0.466E-37 0.466E-37 0.466E-37
 14  0.89120E-04  158.36 0.466E-37 0.809E+00 0.466E-37 0.466E-37 0.466E-37 0.466E-37 0.466E-37 0.466E-37 0.171E+00 0.555E-05 0.155E-01 0.466E-37 0.457E-02 0.225E-15 0.466E-37 0.268E-03 0.466E-37 0.466E-37 0.466E-37 0.466E-37 0.466E-37 0.466E-37 0.466E-37
 15  0.12589E-03  156.50 0.466E-37 0.809E+00 0.466E-37 0.466E-37 0.466E-37 0.466E-37 0.466E-37 0.466E-37 0.171E+00 0.247E-05 0.155E-01 0.466E-37 0.457E-02 0.521E-16 0.466E-37 0.128E-03 0.466E-37 0.466E-37 0.466E-37 0.466E-37 0.466E-37 0.466E-37 0.466E-37
 16  0.17783E-03  153.90 0.466E-37 0.809E+00 0.466E-37 0.466E-37 0.466E-37 0.466E-37 0.466E-37 0.466E-37 0.171E+00 0.900E-06 0.155E-01 0.466E-37 0.457E-02 0.863E-17 0.466E-37 0.499E-04 0.466E-37 0.466E-37 0.466E-37 0.466E-37 0.466E-37 0.466E-37 0.466E-37
 17  0.25119E-03  151.09 0.466E-37 0.809E+00 0.466E-37 0.466E-37 0.466E-37 0.466E-37 0.466E-37 0.466E-37 0.171E+00 0.302E-06 0.155E-01 0.466E-37 0.457E-02 0.125E-17 0.466E-37 0.181E-04 0.466E-37 0.466E-37 0.466E-37 0.466E-37 0.466E-37 0.466E-37 0.466E-37
 18  0.35481E-03  148.15 0.466E-37 0.809E+00 0.466E-37 0.466E-37 0.466E-37 0.466E-37 0.466E-37 0.466E-37 0.171E+00 0.950E-07 0.155E-01 0.466E-37 0.457E-02 0.162E-18 0.466E-37 0.616E-05 0.466E-37 0.466E-37 0.466E-37 0.466E-37 0.466E-37 0.466E-37 0.466E-37
 19  0.50119E-03  145.40 0.466E-37 0.809E+00 0.466E-37 0.466E-37 0.466E-37 0.466E-37 0.466E-37 0.466E-37 0.171E+00 0.305E-07 0.155E-01 0.466E-37 0.457E-02 0.220E-19 0.466E-37 0.215E-05 0.466E-37 0.466E-37 0.466E-37 0.466E-37 0.466E-37 0.466E-37 0.466E-37
 20  0.70795E-03  143.07 0.466E-37 0.809E+00 0.466E-37 0.466E-37 0.466E-37 0.466E-37 0.466E-37 0.466E-37 0.171E+00 0.108E-07 0.155E-01 0.466E-37 0.457E-02 0.351E-20 0.466E-37 0.817E-06 0.466E-37 0.466E-37 0.466E-37 0.466E-37 0.466E-37 0.466E-37 0.466E-37
 21  0.10000E-02  140.99 0.466E-37 0.809E+00 0.466E-37 0.466E-37 0.466E-37 0.466E-37 0.466E-37 0.466E-37 0.171E+00 0.405E-08 0.155E-01 0.466E-37 0.457E-02 0.610E-21 0.466E-37 0.326E-06 0.466E-37 0.466E-37 0.466E-37 0.466E-37 0.466E-37 0.466E-37 0.466E-37
 22  0.14125E-02  139.11 0.466E-37 0.809E+00 0.466E-37 0.466E-37 0.466E-37 0.466E-37 0.466E-37 0.466E-37 0.171E+00 0.159E-08 0.155E-01 0.466E-37 0.445E-02 0.102E-21 0.466E-37 0.136E-06 0.466E-37 0.466E-37 0.466E-37 0.466E-37 0.466E-37 0.466E-37 0.466E-37
 23  0.19953E-02  137.78 0.466E-37 0.809E+00 0.466E-37 0.466E-37 0.466E-37 0.466E-37 0.466E-37 0.466E-37 0.171E+00 0.733E-09 0.155E-01 0.466E-37 0.401E-02 0.156E-22 0.466E-37 0.653E-07 0.466E-37 0.466E-37 0.466E-37 0.466E-37 0.466E-37 0.466E-37 0.466E-37
 24  0.28184E-02  137.19 0.466E-37 0.809E+00 0.466E-37 0.466E-37 0.466E-37 0.466E-37 0.466E-37 0.466E-37 0.171E+00 0.428E-09 0.155E-01 0.466E-37 0.355E-02 0.329E-23 0.466E-37 0.389E-07 0.466E-37 0.466E-37 0.466E-37 0.466E-37 0.466E-37 0.466E-37 0.466E-37
 25  0.39811E-02  137.28 0.467E-37 0.809E+00 0.467E-37 0.467E-37 0.467E-37 0.467E-37 0.467E-37 0.467E-37 0.171E+00 0.313E-09 0.155E-01 0.467E-37 0.317E-02 0.948E-24 0.467E-37 0.283E-07 0.467E-37 0.467E-37 0.467E-37 0.467E-37 0.467E-37 0.467E-37 0.467E-37
 26  0.56234E-02  137.85 0.467E-37 0.810E+00 0.467E-37 0.467E-37 0.467E-37 0.467E-37 0.467E-37 0.467E-37 0.171E+00 0.266E-09 0.155E-01 0.467E-37 0.302E-02 0.410E-24 0.467E-37 0.237E-07 0.467E-37 0.467E-37 0.467E-37 0.467E-37 0.467E-37 0.467E-37 0.467E-37
 27  0.79433E-02  138.46 0.467E-37 0.810E+00 0.467E-37 0.467E-37 0.467E-37 0.467E-37 0.467E-37 0.467E-37 0.171E+00 0.230E-09 0.155E-01 0.467E-37 0.299E-02 0.183E-24 0.467E-37 0.200E-07 0.467E-37 0.467E-37 0.467E-37 0.467E-37 0.467E-37 0.467E-37 0.467E-37
 28  0.11220E-01  140.17 0.467E-37 0.810E+00 0.467E-37 0.467E-37 0.467E-37 0.467E-37 0.467E-37 0.467E-37 0.171E+00 0.280E-09 0.155E-01 0.467E-37 0.335E-02 0.227E-24 0.467E-37 0.231E-07 0.467E-37 0.467E-37 0.467E-37 0.467E-37 0.467E-37 0.467E-37 0.467E-37
 29  0.15849E-01  141.58 0.467E-37 0.810E+00 0.467E-37 0.467E-37 0.467E-37 0.467E-37 0.467E-37 0.467E-37 0.171E+00 0.308E-09 0.155E-01 0.467E-37 0.264E-02 0.198E-24 0.467E-37 0.243E-07 0.467E-37 0.467E-37 0.467E-37 0.467E-37 0.467E-37 0.467E-37 0.467E-37
 30  0.22387E-01  142.07 0.467E-37 0.810E+00 0.467E-37 0.467E-37 0.467E-37 0.467E-37 0.467E-37 0.467E-37 0.172E+00 0.253E-09 0.155E-01 0.467E-37 0.208E-02 0.881E-25 0.467E-37 0.197E-07 0.467E-37 0.467E-37 0.467E-37 0.467E-37 0.467E-37 0.467E-37 0.467E-37
 31  0.31623E-01  142.43 0.467E-37 0.811E+00 0.467E-37 0.467E-37 0.467E-37 0.467E-37 0.467E-37 0.467E-37 0.172E+00 0.200E-09 0.155E-01 0.467E-37 0.166E-02 0.357E-25 0.467E-37 0.154E-07 0.467E-37 0.467E-37 0.467E-37 0.467E-37 0.467E-37 0.467E-37 0.467E-37
 32  0.44668E-01  143.02 0.467E-37 0.811E+00 0.467E-37 0.467E-37 0.467E-37 0.467E-37 0.467E-37 0.467E-37 0.172E+00 0.170E-09 0.156E-01 0.467E-37 0.133E-02 0.150E-25 0.467E-37 0.128E-07 0.467E-37 0.467E-37 0.467E-37 0.467E-37 0.467E-37 0.467E-37 0.467E-37
 33  0.63096E-01  143.96 0.467E-37 0.811E+00 0.467E-37 0.467E-37 0.467E-37 0.467E-37 0.467E-37 0.467E-37 0.172E+00 0.159E-09 0.156E-01 0.467E-37 0.114E-02 0.832E-26 0.467E-37 0.117E-07 0.467E-37 0.467E-37 0.467E-37 0.467E-37 0.467E-37 0.467E-37 0.467E-37
 34  0.89125E-01  145.55 0.468E-37 0.811E+00 0.468E-37 0.468E-37 0.468E-37 0.468E-37 0.468E-37 0.468E-37 0.172E+00 0.180E-09 0.156E-01 0.468E-37 0.111E-02 0.784E-26 0.468E-37 0.126E-07 0.468E-37 0.468E-37 0.468E-37 0.468E-37 0.468E-37 0.468E-37 0.468E-37
 35  0.12589E+00  148.91 0.467E-37 0.811E+00 0.467E-37 0.467E-37 0.467E-37 0.467E-37 0.467E-37 0.467E-37 0.172E+00 0.332E-09 0.156E-01 0.467E-37 0.142E-02 0.329E-25 0.467E-37 0.211E-07 0.467E-37 0.467E-37 0.467E-37 0.467E-37 0.467E-37 0.467E-37 0.467E-37
 36  0.17783E+00  154.03 0.467E-37 0.810E+00 0.467E-37 0.467E-37 0.467E-37 0.467E-37 0.467E-37 0.467E-37 0.172E+00 0.933E-09 0.155E-01 0.467E-37 0.195E-02 0.484E-24 0.467E-37 0.516E-07 0.467E-37 0.467E-37 0.467E-37 0.467E-37 0.467E-37 0.467E-37 0.467E-37
 37  0.25119E+00  165.65 0.466E-37 0.809E+00 0.466E-37 0.466E-37 0.466E-37 0.466E-37 0.466E-37 0.466E-37 0.171E+00 0.109E-07 0.155E-01 0.466E-37 0.406E-02 0.250E-21 0.466E-37 0.456E-06 0.466E-37 0.466E-37 0.466E-37 0.466E-37 0.466E-37 0.466E-37 0.466E-37
 38  0.35481E+00  185.15 0.466E-37 0.809E+00 0.466E-37 0.466E-37 0.466E-37 0.466E-37 0.466E-37 0.466E-37 0.171E+00 0.393E-06 0.155E-01 0.466E-37 0.457E-02 0.186E-18 0.466E-37 0.110E-04 0.466E-37 0.466E-37 0.466E-37 0.466E-37 0.466E-37 0.466E-37 0.466E-37
 39  0.50119E+00  206.68 0.466E-37 0.809E+00 0.466E-37 0.466E-37 0.466E-37 0.466E-37 0.466E-37 0.466E-37 0.171E+00 0.897E-05 0.155E-01 0.466E-37 0.457E-02 0.342E-16 0.466E-37 0.177E-03 0.466E-37 0.466E-37 0.466E-37 0.466E-37 0.466E-37 0.466E-37 0.466E-37
 40  0.70795E+00  230.36 0.466E-37 0.808E+00 0.466E-37 0.466E-37 0.466E-37 0.466E-37 0.466E-37 0.161E-36 0.171E+00 0.137E-03 0.155E-01 0.469E-37 0.457E-02 0.336E-14 0.466E-37 0.846E-03 0.466E-37 0.466E-37 0.466E-37 0.466E-37 0.466E-37 0.466E-37 0.466E-37
 41  0.10000E+01  256.36 0.465E-37 0.807E+00 0.465E-37 0.465E-37 0.465E-37 0.465E-37 0.465E-37 0.273E-31 0.171E+00 0.146E-02 0.155E-01 0.969E-35 0.456E-02 0.192E-12 0.465E-37 0.844E-03 0.465E-37 0.465E-37 0.465E-37 0.465E-37 0.465E-37 0.465E-37 0.465E-37
 42  0.14125E+01  284.92 0.460E-37 0.798E+00 0.851E-37 0.460E-37 0.460E-37 0.460E-37 0.460E-37 0.157E-26 0.169E+00 0.101E-01 0.153E-01 0.552E-30 0.452E-02 0.676E-11 0.343E-34 0.836E-03 0.460E-37 0.460E-37 0.460E-37 0.460E-37 0.460E-37 0.460E-37 0.460E-37
 43  0.19953E+01  316.37 0.451E-37 0.789E+00 0.244E-33 0.451E-37 0.451E-37 0.451E-37 0.451E-37 0.487E-23 0.165E+00 0.249E-01 0.150E-01 0.383E-26 0.442E-02 0.152E-09 0.209E-30 0.817E-03 0.451E-37 0.451E-37 0.451E-37 0.451E-37 0.451E-37 0.451E-37 0.451E-37
 44  0.28184E+01  351.04 0.450E-37 0.788E+00 0.740E-30 0.450E-37 0.450E-37 0.450E-37 0.450E-37 0.137E-20 0.165E+00 0.263E-01 0.150E-01 0.472E-23 0.441E-02 0.254E-08 0.409E-27 0.816E-03 0.450E-37 0.450E-37 0.450E-37 0.450E-37 0.450E-37 0.450E-37 0.450E-37
 45  0.39811E+01  389.34 0.451E-37 0.788E+00 0.982E-27 0.451E-37 0.451E-37 0.451E-37 0.451E-37 0.176E-18 0.165E+00 0.263E-01 0.150E-01 0.243E-20 0.441E-02 0.313E-07 0.362E-24 0.816E-03 0.451E-37 0.102E-31 0.451E-37 0.451E-37 0.451E-37 0.451E-37 0.451E-37
 46  0.56234E+01  431.71 0.452E-37 0.788E+00 0.626E-24 0.452E-37 0.452E-37 0.452E-37 0.452E-37 0.146E-16 0.165E+00 0.263E-01 0.150E-01 0.694E-18 0.441E-02 0.292E-06 0.159E-21 0.816E-03 0.452E-37 0.180E-25 0.141E-36 0.310E-36 0.207E-36 0.452E-37 0.452E-37
 47  0.79433E+01  478.61 0.452E-37 0.788E+00 0.208E-21 0.452E-37 0.452E-37 0.452E-37 0.452E-37 0.810E-15 0.165E+00 0.263E-01 0.150E-01 0.115E-15 0.440E-02 0.213E-05 0.374E-19 0.816E-03 0.648E-37 0.248E-22 0.154E-32 0.113E-31 0.542E-32 0.452E-37 0.452E-37
 48  0.10000E+02  512.64 0.207E-36 0.788E+00 0.718E-20 0.452E-37 0.452E-37 0.452E-37 0.452E-37 0.942E-14 0.165E+00 0.263E-01 0.150E-01 0.260E-14 0.437E-02 0.702E-05 0.104E-17 0.816E-03 0.459E-35 0.199E-20 0.141E-29 0.888E-29 0.444E-29 0.112E-36 0.179E-36
 49  0.15849E+02  588.08 0.671E-33 0.789E+00 0.423E-17 0.452E-37 0.452E-37 0.452E-37 0.452E-37 0.759E-12 0.165E+00 0.263E-01 0.150E-01 0.687E-12 0.415E-02 0.532E-04 0.410E-15 0.816E-03 0.764E-30 0.503E-17 0.294E-24 0.139E-23 0.749E-24 0.352E-34 0.392E-33
 50  0.22387E+02  651.74 0.581E-29 0.789E+00 0.288E-15 0.452E-37 0.545E-37 0.498E-37 0.452E-37 0.136E-10 0.165E+00 0.263E-01 0.150E-01 0.267E-10 0.387E-02 0.182E-03 0.214E-13 0.816E-03 0.213E-26 0.859E-15 0.966E-21 0.377E-20 0.199E-20 0.223E-30 0.202E-29
 51  0.31623E+02  722.14 0.844E-26 0.789E+00 0.128E-13 0.452E-37 0.382E-34 0.130E-35 0.452E-37 0.179E-09 0.165E+00 0.263E-01 0.149E-01 0.698E-09 0.340E-02 0.465E-03 0.744E-12 0.816E-03 0.257E-23 0.831E-13 0.153E-17 0.502E-17 0.307E-18 0.574E-27 0.430E-26
 52  0.44668E+02  799.90 0.805E-23 0.790E+00 0.384E-12 0.452E-37 0.323E-30 0.170E-31 0.816E-36 0.177E-08 0.165E+00 0.263E-01 0.149E-01 0.126E-07 0.257E-02 0.747E-03 0.180E-10 0.815E-03 0.145E-20 0.481E-11 0.134E-14 0.252E-14 0.160E-16 0.656E-24 0.413E-23
 53  0.63096E+02  885.62 0.390E-20 0.790E+00 0.810E-11 0.452E-37 0.125E-26 0.103E-27 0.164E-31 0.134E-07 0.165E+00 0.263E-01 0.149E-01 0.162E-06 0.195E-02 0.104E-02 0.314E-09 0.815E-03 0.410E-18 0.174E-09 0.679E-12 0.964E-13 0.648E-15 0.356E-21 0.192E-20
 54  0.89125E+02  979.86 0.150E-17 0.790E+00 0.124E-09 0.452E-37 0.312E-23 0.242E-24 0.113E-27 0.785E-07 0.165E+00 0.262E-01 0.149E-01 0.151E-05 0.154E-02 0.136E-02 0.409E-08 0.814E-03 0.612E-16 0.413E-08 0.180E-09 0.243E-11 0.189E-13 0.977E-19 0.463E-18
 55  0.12589E+03 1083.13 0.245E-15 0.791E+00 0.140E-08 0.452E-37 0.272E-20 0.238E-21 0.289E-24 0.364E-06 0.165E+00 0.262E-01 0.149E-01 0.105E-04 0.120E-02 0.151E-02 0.409E-07 0.814E-03 0.506E-14 0.667E-07 0.145E-07 0.361E-10 0.334E-12 0.143E-16 0.225E-16
 56  0.17783E+03 1195.93 0.101E-13 0.791E+00 0.122E-07 0.452E-37 0.504E-18 0.106E-18 0.305E-21 0.135E-05 0.165E+00 0.261E-01 0.148E-01 0.554E-04 0.987E-03 0.163E-02 0.324E-06 0.814E-03 0.245E-12 0.754E-06 0.159E-06 0.276E-09 0.304E-11 0.118E-14 0.227E-14
 57  0.25119E+03 1318.68 0.173E-12 0.791E+00 0.834E-07 0.452E-37 0.328E-16 0.235E-16 0.144E-18 0.393E-05 0.164E+00 0.258E-01 0.145E-01 0.222E-03 0.853E-03 0.174E-02 0.205E-05 0.819E-03 0.739E-11 0.597E-05 0.568E-06 0.106E-08 0.142E-10 0.590E-13 0.148E-12
 58  0.35481E+03 1451.84 0.176E-11 0.792E+00 0.458E-06 0.452E-37 0.111E-14 0.273E-14 0.329E-16 0.100E-04 0.164E+00 0.258E-01 0.145E-01 0.737E-03 0.773E-03 0.183E-02 0.886E-05 0.844E-03 0.147E-09 0.361E-04 0.122E-05 0.241E-08 0.398E-10 0.189E-11 0.534E-11
 59  0.50119E+03 1595.87 0.126E-10 0.792E+00 0.207E-05 0.452E-37 0.233E-13 0.179E-12 0.390E-14 0.251E-04 0.164E+00 0.262E-01 0.164E-01 0.227E-02 0.732E-03 0.190E-02 0.153E-04 0.871E-03 0.204E-08 0.813E-04 0.183E-05 0.367E-08 0.708E-10 0.410E-10 0.119E-09
 60  0.70795E+03 1751.22 0.737E-10 0.797E+00 0.790E-05 0.476E-35 0.356E-12 0.756E-11 0.289E-12 0.417E-04 0.163E+00 0.232E-01 0.192E-01 0.518E-02 0.723E-03 0.194E-02 0.148E-04 0.865E-03 0.201E-07 0.872E-04 0.249E-05 0.494E-08 0.110E-09 0.624E-09 0.176E-08
 61  0.10000E+04 1918.37 0.350E-09 0.803E+00 0.258E-04 0.748E-32 0.403E-11 0.218E-09 0.140E-10 0.467E-04 0.162E+00 0.182E-01 0.223E-01 0.879E-02 0.742E-03 0.195E-02 0.143E-04 0.858E-03 0.140E-06 0.916E-04 0.327E-05 0.641E-08 0.168E-09 0.656E-08 0.184E-07
