   25.000000000000000     
  1  0.10000E-05  153.68 0.465E-37 0.808E+00 0.465E-37 0.465E-37 0.465E-37 0.465E-37 0.465E-37 0.465E-37 0.171E+00 0.151E-03 0.155E-01 0.465E-37 0.456E-02 0.247E-12 0.465E-37 0.845E-03 0.465E-37 0.465E-37 0.465E-37 0.465E-37 0.465E-37 0.465E-37 0.465E-37
  2  0.14100E-05  149.61 0.466E-37 0.808E+00 0.466E-37 0.466E-37 0.466E-37 0.466E-37 0.466E-37 0.466E-37 0.171E+00 0.358E-04 0.155E-01 0.466E-37 0.457E-02 0.201E-13 0.466E-37 0.797E-03 0.466E-37 0.466E-37 0.466E-37 0.466E-37 0.466E-37 0.466E-37 0.466E-37
  3  0.20000E-05  150.37 0.466E-37 0.808E+00 0.466E-37 0.466E-37 0.466E-37 0.466E-37 0.466E-37 0.466E-37 0.171E+00 0.311E-04 0.155E-01 0.466E-37 0.457E-02 0.141E-13 0.466E-37 0.845E-03 0.466E-37 0.466E-37 0.466E-37 0.466E-37 0.466E-37 0.466E-37 0.466E-37
  4  0.28200E-05  150.41 0.466E-37 0.808E+00 0.466E-37 0.466E-37 0.466E-37 0.466E-37 0.466E-37 0.466E-37 0.171E+00 0.223E-04 0.155E-01 0.466E-37 0.457E-02 0.724E-14 0.466E-37 0.845E-03 0.466E-37 0.466E-37 0.466E-37 0.466E-37 0.466E-37 0.466E-37 0.466E-37
  5  0.39800E-05  150.72 0.466E-37 0.808E+00 0.466E-37 0.466E-37 0.466E-37 0.466E-37 0.466E-37 0.466E-37 0.171E+00 0.172E-04 0.155E-01 0.466E-37 0.457E-02 0.420E-14 0.466E-37 0.697E-03 0.466E-37 0.466E-37 0.466E-37 0.466E-37 0.466E-37 0.466E-37 0.466E-37
  6  0.56200E-05  151.11 0.466E-37 0.808E+00 0.466E-37 0.466E-37 0.466E-37 0.466E-37 0.466E-37 0.466E-37 0.171E+00 0.135E-04 0.155E-01 0.466E-37 0.457E-02 0.251E-14 0.466E-37 0.561E-03 0.466E-37 0.466E-37 0.466E-37 0.466E-37 0.466E-37 0.466E-37 0.466E-37
  7  0.79400E-05  151.39 0.466E-37 0.808E+00 0.466E-37 0.466E-37 0.466E-37 0.466E-37 0.466E-37 0.466E-37 0.171E+00 0.104E-04 0.155E-01 0.466E-37 0.457E-02 0.143E-14 0.466E-37 0.458E-03 0.466E-37 0.466E-37 0.466E-37 0.466E-37 0.466E-37 0.466E-37 0.466E-37
  8  0.11220E-04  150.97 0.466E-37 0.808E+00 0.466E-37 0.466E-37 0.466E-37 0.466E-37 0.466E-37 0.466E-37 0.171E+00 0.654E-05 0.155E-01 0.466E-37 0.457E-02 0.592E-15 0.466E-37 0.343E-03 0.466E-37 0.466E-37 0.466E-37 0.466E-37 0.466E-37 0.466E-37 0.466E-37
  9  0.15850E-04  149.66 0.466E-37 0.809E+00 0.466E-37 0.466E-37 0.466E-37 0.466E-37 0.466E-37 0.466E-37 0.171E+00 0.324E-05 0.155E-01 0.466E-37 0.457E-02 0.163E-15 0.466E-37 0.201E-03 0.466E-37 0.466E-37 0.466E-37 0.466E-37 0.466E-37 0.466E-37 0.466E-37
 10  0.22390E-04  147.71 0.466E-37 0.809E+00 0.466E-37 0.466E-37 0.466E-37 0.466E-37 0.466E-37 0.466E-37 0.171E+00 0.133E-05 0.155E-01 0.466E-37 0.457E-02 0.332E-16 0.466E-37 0.874E-04 0.466E-37 0.466E-37 0.466E-37 0.466E-37 0.466E-37 0.466E-37 0.466E-37
 11  0.31620E-04  145.45 0.466E-37 0.809E+00 0.466E-37 0.466E-37 0.466E-37 0.466E-37 0.466E-37 0.466E-37 0.171E+00 0.492E-06 0.155E-01 0.466E-37 0.457E-02 0.568E-17 0.466E-37 0.345E-04 0.466E-37 0.466E-37 0.466E-37 0.466E-37 0.466E-37 0.466E-37 0.466E-37
 12  0.44670E-04  143.43 0.466E-37 0.809E+00 0.466E-37 0.466E-37 0.466E-37 0.466E-37 0.466E-37 0.466E-37 0.171E+00 0.191E-06 0.155E-01 0.466E-37 0.457E-02 0.105E-17 0.466E-37 0.142E-04 0.466E-37 0.466E-37 0.466E-37 0.466E-37 0.466E-37 0.466E-37 0.466E-37
 13  0.63100E-04  141.97 0.466E-37 0.809E+00 0.466E-37 0.466E-37 0.466E-37 0.466E-37 0.466E-37 0.466E-37 0.171E+00 0.871E-07 0.155E-01 0.466E-37 0.457E-02 0.254E-18 0.466E-37 0.679E-05 0.466E-37 0.466E-37 0.466E-37 0.466E-37 0.466E-37 0.466E-37 0.466E-37
 14  0.89120E-04  140.72 0.466E-37 0.809E+00 0.466E-37 0.466E-37 0.466E-37 0.466E-37 0.466E-37 0.466E-37 0.171E+00 0.419E-07 0.155E-01 0.466E-37 0.457E-02 0.670E-19 0.466E-37 0.339E-05 0.466E-37 0.466E-37 0.466E-37 0.466E-37 0.466E-37 0.466E-37 0.466E-37
 15  0.12589E-03  139.01 0.466E-37 0.809E+00 0.466E-37 0.466E-37 0.466E-37 0.466E-37 0.466E-37 0.466E-37 0.171E+00 0.173E-07 0.155E-01 0.466E-37 0.457E-02 0.137E-19 0.466E-37 0.148E-05 0.466E-37 0.466E-37 0.466E-37 0.466E-37 0.466E-37 0.466E-37 0.466E-37
 16  0.17783E-03  136.53 0.466E-37 0.809E+00 0.466E-37 0.466E-37 0.466E-37 0.466E-37 0.466E-37 0.466E-37 0.171E+00 0.545E-08 0.155E-01 0.466E-37 0.457E-02 0.182E-20 0.466E-37 0.506E-06 0.466E-37 0.466E-37 0.466E-37 0.466E-37 0.466E-37 0.466E-37 0.466E-37
 17  0.25119E-03  133.33 0.466E-37 0.809E+00 0.466E-37 0.466E-37 0.466E-37 0.466E-37 0.466E-37 0.466E-37 0.171E+00 0.131E-08 0.155E-01 0.466E-37 0.457E-02 0.152E-21 0.466E-37 0.135E-06 0.466E-37 0.466E-37 0.466E-37 0.466E-37 0.466E-37 0.466E-37 0.466E-37
 18  0.35481E-03  130.14 0.466E-37 0.809E+00 0.466E-37 0.466E-37 0.466E-37 0.466E-37 0.466E-37 0.466E-37 0.171E+00 0.297E-09 0.155E-01 0.466E-37 0.457E-02 0.117E-22 0.466E-37 0.345E-07 0.466E-37 0.466E-37 0.466E-37 0.466E-37 0.466E-37 0.466E-37 0.466E-37
 19  0.50119E-03  127.59 0.466E-37 0.809E+00 0.466E-37 0.466E-37 0.466E-37 0.466E-37 0.466E-37 0.466E-37 0.171E+00 0.816E-10 0.155E-01 0.466E-37 0.321E-02 0.297E-24 0.466E-37 0.104E-07 0.466E-37 0.466E-37 0.466E-37 0.466E-37 0.466E-37 0.466E-37 0.466E-37
 20  0.70795E-03  125.67 0.467E-37 0.810E+00 0.467E-37 0.467E-37 0.467E-37 0.467E-37 0.467E-37 0.467E-37 0.171E+00 0.276E-10 0.155E-01 0.467E-37 0.208E-02 0.101E-25 0.467E-37 0.379E-08 0.467E-37 0.467E-37 0.467E-37 0.467E-37 0.467E-37 0.467E-37 0.467E-37
 21  0.10000E-02  123.75 0.467E-37 0.811E+00 0.467E-37 0.467E-37 0.467E-37 0.467E-37 0.467E-37 0.467E-37 0.172E+00 0.913E-11 0.155E-01 0.467E-37 0.117E-02 0.251E-27 0.467E-37 0.136E-08 0.467E-37 0.467E-37 0.467E-37 0.467E-37 0.467E-37 0.467E-37 0.467E-37
 22  0.14125E-02  121.33 0.468E-37 0.812E+00 0.468E-37 0.468E-37 0.468E-37 0.468E-37 0.468E-37 0.468E-37 0.172E+00 0.239E-11 0.156E-01 0.468E-37 0.473E-03 0.160E-29 0.468E-37 0.393E-09 0.468E-37 0.468E-37 0.468E-37 0.468E-37 0.468E-37 0.468E-37 0.468E-37
 23  0.19953E-02  118.94 0.468E-37 0.812E+00 0.468E-37 0.468E-37 0.468E-37 0.468E-37 0.468E-37 0.468E-37 0.172E+00 0.608E-12 0.156E-01 0.468E-37 0.184E-03 0.164E-31 0.468E-37 0.111E-09 0.468E-37 0.468E-37 0.468E-37 0.468E-37 0.468E-37 0.468E-37 0.468E-37
 24  0.28184E-02  119.47 0.468E-37 0.812E+00 0.468E-37 0.468E-37 0.468E-37 0.468E-37 0.468E-37 0.468E-37 0.172E+00 0.544E-12 0.156E-01 0.468E-37 0.150E-03 0.808E-32 0.468E-37 0.967E-10 0.468E-37 0.468E-37 0.468E-37 0.468E-37 0.468E-37 0.468E-37 0.468E-37
 25  0.39811E-02  124.51 0.468E-37 0.812E+00 0.468E-37 0.468E-37 0.468E-37 0.468E-37 0.468E-37 0.468E-37 0.172E+00 0.311E-11 0.156E-01 0.468E-37 0.366E-03 0.968E-30 0.468E-37 0.448E-09 0.468E-37 0.468E-37 0.468E-37 0.468E-37 0.468E-37 0.468E-37 0.468E-37
 26  0.56234E-02  131.27 0.468E-37 0.811E+00 0.468E-37 0.468E-37 0.468E-37 0.468E-37 0.468E-37 0.468E-37 0.172E+00 0.283E-10 0.156E-01 0.468E-37 0.110E-02 0.500E-27 0.468E-37 0.315E-08 0.468E-37 0.468E-37 0.468E-37 0.468E-37 0.468E-37 0.468E-37 0.468E-37
 27  0.79433E-02  142.56 0.466E-37 0.809E+00 0.466E-37 0.466E-37 0.466E-37 0.466E-37 0.466E-37 0.466E-37 0.171E+00 0.828E-09 0.155E-01 0.466E-37 0.406E-02 0.505E-23 0.466E-37 0.634E-07 0.466E-37 0.466E-37 0.466E-37 0.466E-37 0.466E-37 0.466E-37 0.466E-37
 28  0.11220E-01  151.20 0.466E-37 0.809E+00 0.466E-37 0.466E-37 0.466E-37 0.466E-37 0.466E-37 0.466E-37 0.171E+00 0.695E-08 0.155E-01 0.466E-37 0.457E-02 0.655E-21 0.466E-37 0.415E-06 0.466E-37 0.466E-37 0.466E-37 0.466E-37 0.466E-37 0.466E-37 0.466E-37
 29  0.15849E-01  150.10 0.466E-37 0.809E+00 0.466E-37 0.466E-37 0.466E-37 0.466E-37 0.466E-37 0.466E-37 0.171E+00 0.365E-08 0.155E-01 0.466E-37 0.457E-02 0.200E-21 0.466E-37 0.224E-06 0.466E-37 0.466E-37 0.466E-37 0.466E-37 0.466E-37 0.466E-37 0.466E-37
 30  0.22387E-01  144.80 0.467E-37 0.810E+00 0.467E-37 0.467E-37 0.467E-37 0.467E-37 0.467E-37 0.467E-37 0.171E+00 0.575E-09 0.155E-01 0.467E-37 0.276E-02 0.107E-23 0.467E-37 0.411E-07 0.467E-37 0.467E-37 0.467E-37 0.467E-37 0.467E-37 0.467E-37 0.467E-37
 31  0.31623E-01  139.61 0.468E-37 0.811E+00 0.468E-37 0.468E-37 0.468E-37 0.468E-37 0.468E-37 0.468E-37 0.172E+00 0.834E-10 0.156E-01 0.468E-37 0.110E-02 0.217E-26 0.468E-37 0.700E-08 0.468E-37 0.468E-37 0.468E-37 0.468E-37 0.468E-37 0.468E-37 0.468E-37
 32  0.44668E-01  136.34 0.468E-37 0.812E+00 0.468E-37 0.468E-37 0.468E-37 0.468E-37 0.468E-37 0.468E-37 0.172E+00 0.205E-10 0.156E-01 0.468E-37 0.417E-03 0.231E-28 0.468E-37 0.191E-08 0.468E-37 0.468E-37 0.468E-37 0.468E-37 0.468E-37 0.468E-37 0.468E-37
 33  0.63096E-01  135.82 0.468E-37 0.812E+00 0.468E-37 0.468E-37 0.468E-37 0.468E-37 0.468E-37 0.468E-37 0.172E+00 0.122E-10 0.156E-01 0.468E-37 0.266E-03 0.345E-29 0.468E-37 0.116E-08 0.468E-37 0.468E-37 0.468E-37 0.468E-37 0.468E-37 0.468E-37 0.468E-37
 34  0.89125E-01  138.00 0.468E-37 0.812E+00 0.468E-37 0.468E-37 0.468E-37 0.468E-37 0.468E-37 0.468E-37 0.172E+00 0.177E-10 0.156E-01 0.468E-37 0.288E-03 0.738E-29 0.468E-37 0.156E-08 0.468E-37 0.468E-37 0.468E-37 0.468E-37 0.468E-37 0.468E-37 0.468E-37
 35  0.12589E+00  141.76 0.468E-37 0.812E+00 0.468E-37 0.468E-37 0.468E-37 0.468E-37 0.468E-37 0.468E-37 0.172E+00 0.411E-10 0.156E-01 0.468E-37 0.412E-03 0.643E-28 0.468E-37 0.322E-08 0.468E-37 0.468E-37 0.468E-37 0.468E-37 0.468E-37 0.468E-37 0.468E-37
 36  0.17783E+00  147.24 0.468E-37 0.812E+00 0.468E-37 0.468E-37 0.468E-37 0.468E-37 0.468E-37 0.468E-37 0.172E+00 0.147E-09 0.156E-01 0.468E-37 0.761E-03 0.203E-26 0.468E-37 0.979E-08 0.468E-37 0.468E-37 0.468E-37 0.468E-37 0.468E-37 0.468E-37 0.468E-37
 37  0.25119E+00  158.33 0.467E-37 0.810E+00 0.467E-37 0.467E-37 0.467E-37 0.467E-37 0.467E-37 0.467E-37 0.171E+00 0.196E-08 0.155E-01 0.467E-37 0.276E-02 0.317E-23 0.467E-37 0.971E-07 0.467E-37 0.467E-37 0.467E-37 0.467E-37 0.467E-37 0.467E-37 0.467E-37
 38  0.35481E+00  177.06 0.466E-37 0.809E+00 0.466E-37 0.466E-37 0.466E-37 0.466E-37 0.466E-37 0.466E-37 0.171E+00 0.856E-07 0.155E-01 0.466E-37 0.454E-02 0.134E-19 0.466E-37 0.280E-05 0.466E-37 0.466E-37 0.466E-37 0.466E-37 0.466E-37 0.466E-37 0.466E-37
 39  0.50119E+00  197.77 0.466E-37 0.809E+00 0.466E-37 0.466E-37 0.466E-37 0.466E-37 0.466E-37 0.466E-37 0.171E+00 0.233E-05 0.155E-01 0.466E-37 0.457E-02 0.344E-17 0.466E-37 0.529E-04 0.466E-37 0.466E-37 0.466E-37 0.466E-37 0.466E-37 0.466E-37 0.466E-37
 40  0.70795E+00  220.56 0.466E-37 0.808E+00 0.466E-37 0.466E-37 0.466E-37 0.466E-37 0.466E-37 0.496E-37 0.171E+00 0.416E-04 0.155E-01 0.466E-37 0.457E-02 0.431E-15 0.466E-37 0.555E-03 0.466E-37 0.466E-37 0.466E-37 0.466E-37 0.466E-37 0.466E-37 0.466E-37
 41  0.10000E+01  245.60 0.466E-37 0.808E+00 0.466E-37 0.466E-37 0.466E-37 0.466E-37 0.466E-37 0.111E-33 0.171E+00 0.510E-03 0.155E-01 0.169E-36 0.457E-02 0.303E-13 0.466E-37 0.845E-03 0.466E-37 0.466E-37 0.466E-37 0.466E-37 0.466E-37 0.466E-37 0.466E-37
 42  0.14125E+01  273.10 0.464E-37 0.804E+00 0.464E-37 0.464E-37 0.464E-37 0.464E-37 0.464E-37 0.151E-28 0.170E+00 0.450E-02 0.154E-01 0.566E-32 0.455E-02 0.129E-11 0.943E-36 0.841E-03 0.464E-37 0.464E-37 0.464E-37 0.464E-37 0.464E-37 0.464E-37 0.464E-37
 43  0.19953E+01  303.35 0.453E-37 0.794E+00 0.698E-35 0.453E-37 0.453E-37 0.453E-37 0.453E-37 0.168E-24 0.166E+00 0.179E-01 0.151E-01 0.947E-28 0.444E-02 0.339E-10 0.860E-32 0.822E-03 0.453E-37 0.453E-37 0.453E-37 0.453E-37 0.453E-37 0.453E-37 0.453E-37
 44  0.28184E+01  336.68 0.450E-37 0.788E+00 0.305E-31 0.450E-37 0.450E-37 0.450E-37 0.450E-37 0.122E-21 0.165E+00 0.263E-01 0.150E-01 0.231E-24 0.441E-02 0.644E-09 0.238E-28 0.816E-03 0.450E-37 0.450E-37 0.450E-37 0.450E-37 0.450E-37 0.450E-37 0.450E-37
 45  0.39811E+01  373.48 0.450E-37 0.788E+00 0.559E-28 0.450E-37 0.450E-37 0.450E-37 0.450E-37 0.207E-19 0.165E+00 0.263E-01 0.150E-01 0.166E-21 0.441E-02 0.893E-08 0.287E-25 0.816E-03 0.450E-37 0.450E-37 0.450E-37 0.450E-37 0.450E-37 0.450E-37 0.450E-37
 46  0.56234E+01  414.17 0.452E-37 0.788E+00 0.474E-25 0.452E-37 0.452E-37 0.452E-37 0.452E-37 0.195E-17 0.165E+00 0.263E-01 0.150E-01 0.574E-19 0.441E-02 0.931E-07 0.166E-22 0.816E-03 0.452E-37 0.677E-27 0.452E-37 0.525E-37 0.452E-37 0.452E-37 0.452E-37
 47  0.79433E+01  459.19 0.452E-37 0.788E+00 0.203E-22 0.452E-37 0.452E-37 0.452E-37 0.452E-37 0.129E-15 0.165E+00 0.263E-01 0.150E-01 0.120E-16 0.441E-02 0.749E-06 0.497E-20 0.816E-03 0.452E-37 0.130E-23 0.158E-34 0.129E-33 0.602E-34 0.452E-37 0.452E-37
 48  0.10000E+02  491.85 0.452E-37 0.788E+00 0.816E-21 0.452E-37 0.452E-37 0.452E-37 0.452E-37 0.166E-14 0.165E+00 0.263E-01 0.150E-01 0.309E-15 0.440E-02 0.264E-05 0.160E-18 0.816E-03 0.198E-36 0.128E-21 0.199E-31 0.138E-30 0.671E-31 0.452E-37 0.452E-37
 49  0.15849E+02  564.26 0.280E-34 0.788E+00 0.634E-18 0.452E-37 0.452E-37 0.452E-37 0.452E-37 0.164E-12 0.165E+00 0.263E-01 0.150E-01 0.106E-12 0.431E-02 0.238E-04 0.821E-16 0.816E-03 0.213E-31 0.468E-18 0.714E-26 0.366E-25 0.193E-25 0.247E-35 0.211E-34
 50  0.22387E+02  625.39 0.141E-30 0.789E+00 0.520E-16 0.452E-37 0.452E-37 0.452E-37 0.452E-37 0.338E-11 0.165E+00 0.263E-01 0.150E-01 0.491E-11 0.403E-02 0.884E-04 0.508E-14 0.816E-03 0.848E-28 0.102E-15 0.336E-22 0.141E-21 0.785E-22 0.691E-32 0.678E-31
 51  0.31623E+02  693.02 0.404E-27 0.789E+00 0.273E-14 0.452E-37 0.298E-35 0.364E-36 0.452E-37 0.503E-10 0.165E+00 0.263E-01 0.149E-01 0.150E-09 0.368E-02 0.261E-03 0.207E-12 0.816E-03 0.142E-24 0.123E-13 0.706E-19 0.248E-18 0.352E-19 0.253E-28 0.204E-27
 52  0.44668E+02  767.75 0.475E-24 0.789E+00 0.955E-13 0.452E-37 0.829E-32 0.332E-33 0.252E-36 0.555E-09 0.165E+00 0.263E-01 0.149E-01 0.312E-08 0.295E-02 0.504E-03 0.577E-11 0.815E-03 0.108E-21 0.867E-12 0.771E-16 0.181E-15 0.320E-17 0.397E-25 0.267E-24
 53  0.63096E+02  850.19 0.290E-21 0.790E+00 0.231E-11 0.452E-37 0.444E-28 0.305E-29 0.303E-33 0.466E-08 0.165E+00 0.263E-01 0.149E-01 0.458E-07 0.232E-02 0.793E-03 0.114E-09 0.815E-03 0.399E-19 0.377E-10 0.477E-13 0.198E-13 0.139E-15 0.287E-22 0.165E-21
 54  0.89125E+02  940.92 0.115E-18 0.790E+00 0.400E-10 0.452E-37 0.123E-24 0.104E-25 0.317E-29 0.301E-07 0.165E+00 0.263E-01 0.149E-01 0.484E-06 0.188E-02 0.116E-02 0.167E-08 0.814E-03 0.765E-17 0.106E-08 0.158E-10 0.621E-12 0.447E-14 0.103E-19 0.513E-19
 55  0.12589E+03 1040.48 0.273E-16 0.790E+00 0.510E-09 0.452E-37 0.169E-21 0.143E-22 0.119E-25 0.153E-06 0.165E+00 0.262E-01 0.149E-01 0.378E-05 0.147E-02 0.135E-02 0.185E-07 0.814E-03 0.797E-15 0.198E-07 0.214E-08 0.113E-10 0.978E-13 0.193E-17 0.515E-17
 56  0.17783E+03 1149.39 0.207E-14 0.791E+00 0.492E-08 0.452E-37 0.615E-19 0.868E-20 0.178E-22 0.620E-06 0.165E+00 0.262E-01 0.149E-01 0.222E-04 0.119E-02 0.150E-02 0.160E-06 0.814E-03 0.475E-13 0.257E-06 0.577E-07 0.115E-09 0.118E-11 0.199E-15 0.318E-15
 57  0.25119E+03 1268.09 0.505E-13 0.791E+00 0.369E-07 0.452E-37 0.609E-17 0.252E-17 0.115E-19 0.201E-05 0.165E+00 0.260E-01 0.147E-01 0.100E-03 0.102E-02 0.164E-02 0.111E-05 0.816E-03 0.172E-11 0.235E-05 0.327E-06 0.587E-09 0.726E-11 0.121E-13 0.276E-13
 58  0.35481E+03 1397.04 0.635E-12 0.791E+00 0.221E-06 0.452E-37 0.269E-15 0.375E-15 0.347E-17 0.564E-05 0.165E+00 0.262E-01 0.149E-01 0.368E-03 0.912E-03 0.177E-02 0.579E-05 0.824E-03 0.404E-10 0.154E-04 0.882E-06 0.171E-08 0.257E-10 0.461E-12 0.126E-11
 59  0.50119E+03 1536.66 0.523E-11 0.791E+00 0.108E-05 0.452E-37 0.681E-14 0.303E-13 0.520E-15 0.154E-04 0.165E+00 0.270E-01 0.166E-01 0.124E-02 0.849E-03 0.186E-02 0.143E-04 0.866E-03 0.643E-09 0.730E-04 0.153E-05 0.308E-08 0.555E-10 0.116E-10 0.336E-10
 60  0.70795E+03 1687.39 0.330E-10 0.794E+00 0.438E-05 0.272E-36 0.117E-12 0.149E-11 0.452E-13 0.349E-04 0.164E+00 0.260E-01 0.209E-01 0.358E-02 0.826E-03 0.191E-02 0.154E-04 0.870E-03 0.725E-08 0.840E-04 0.211E-05 0.421E-08 0.867E-10 0.203E-09 0.581E-09
 61  0.10000E+04 1849.73 0.172E-09 0.800E+00 0.152E-04 0.387E-33 0.151E-11 0.506E-10 0.264E-11 0.462E-04 0.162E+00 0.210E-01 0.259E-01 0.706E-02 0.837E-03 0.194E-02 0.150E-04 0.862E-03 0.584E-07 0.893E-04 0.286E-05 0.565E-08 0.137E-09 0.248E-08 0.694E-08
